8.777220298988066549e-01 7.876913203771487293e-01 7.544859484543902095e-01 5.908788444496427816e-01 9.583734601536180175e-01 7.788351745927566405e-01 6.858983874767679567e-02 8.622074896936144928e-01 5.433965775054656611e-01 8.018300917209952861e-01 6.134631076597819588e-01 7.967252149912456005e-01 8.142272839597362033e-01 1.589575753245401901e-01 7.707473244029903192e-01 2.965156020992301689e-01
8.724255400983730313e-01 7.297257763840570011e-01 3.277222070393615017e-01 2.268798630703358077e-01 6.167860712464517947e-01 6.898645520593030822e-01 1.646369936851703186e-01 4.137007524191217422e-01 7.592445139050797431e-01 4.703380959705258380e-01 6.351964283605295858e-01 5.127988025453986687e-01 7.153318453306198865e-01 6.884253433036945369e-01 4.561343285046244311e-01 4.604509641468348263e-02
8.991645588964127800e-01 7.056903855193668029e-01 3.554510602452319867e-01 6.935213405489995542e-02 4.213343482081960967e-01 9.125799198324557882e-01 6.206153207265259208e-01 5.345140704963020628e-01 7.020523061672437892e-01 3.767571374139228602e-01 5.870598715921624411e-01 7.797473344496351766e-01 6.592867610074114593e-01 1.996175215472990871e-01 8.512638143421348280e-01 2.701286462653046394e-01
9.135770898563262410e-01 6.523569640693316352e-01 5.571052663584059594e-01 7.769275893458349458e-01 7.703190802722860164e-01 5.042664564446736053e-01 8.621201148425271521e-01 4.084609858659944415e-01 9.582286397827906033e-01 5.690458631750227037e-01 9.765871733794434517e-01 6.040142229257997597e-01 6.519387583218617666e-01 3.615622684949467702e-01 4.065154125413302233e-01 5.148278652900829533e-01
8.979875373130492555e-01 8.308851367804874766e-01 2.701800776898588552e-01 1.500730805960842074e-01 8.354929776039169420e-01 8.356523980083767622e-01 9.332160094897392622e-01 8.326113687725877899e-01 4.438824502587125909e-01 4.546726901063127824e-01 4.852527863555386456e-01 7.642354226115443128e-01 6.847252898024731582e-01 4.165664103500360538e-01 6.401452845440838146e-01 6.140858906126228645e-01
9.880806504691536096e-01 9.796036901191047530e-01 6.036459144258385923e-01 2.381280663466620318e-01 8.010700334719065285e-01 5.589729950707570394e-01 8.982085411286029331e-01 9.129839222129454424e-01 9.993060565770477410e-01 5.507549516612664231e-01 8.457015197216608549e-01 4.680789702965176824e-01 8.252217570899155197e-01 2.593530835214263863e-01 1.670860630783528589e-01 9.366252469747442522e-01
8.837332093023808621e-01 7.634609740406796963e-01 9.661694755848246885e-01 1.042104337401669467e-01 7.013229910867275763e-01 5.946146624465173947e-01 5.247891885783584343e-01 4.613171811177443349e-01 7.137864703290489610e-01 9.387853313492636742e-01 5.062195029484776176e-01 9.918768270491981065e-01 8.390599237049580772e-01 5.761963100678564320e-01 8.097311338949274573e-01 9.549951593948073914e-01
9.094117173276328181e-01 4.756788092828636572e-01 8.665813718344379524e-01 3.682318165059680348e-01 8.988749867215591882e-01 9.515799069001877886e-01 5.076592371901573753e-01 8.056626136480686817e-01 9.345430171120197027e-01 4.038638955399107000e-01 9.395964886314344122e-01 8.274150785675666864e-01 6.362889002502064573e-01 8.447274853315185350e-01 1.512533680998535968e-01 9.884190449272431400e-02
9.703182205959652862e-01 7.135922241444105918e-01 8.751309343878916902e-01 2.589309689607373066e-01 4.526691676402332387e-01 6.101273603149927061e-01 7.416634893393114769e-01 5.659098136492707320e-01 8.496389700841072701e-01 1.058772368307875078e-01 5.642555997058873452e-01 3.774039989994991684e-01 7.376539955509680002e-01 8.090115556397386998e-01 2.009324633476727850e-01 8.172129389322368986e-01
9.171447307032617458e-01 3.431966150801575299e-01 5.236349616877911117e-01 3.286230202466316475e-01 8.586291369711885890e-01 8.756549471757184566e-01 4.898027077466100554e-01 4.662565578498124585e-01 4.248614488690249935e-01 8.580917096866230720e-01 8.033802034841807105e-01 5.878064583315201208e-01 8.634796604171539602e-01 3.012111401167482105e-01 7.197271018011176524e-01 7.775003128706363675e-01
9.245090278305312381e-01 2.309123788219676898e-01 3.905448252913905072e-01 5.309624504995076322e-01 9.152356350787600459e-01 6.228953610833768417e-01 1.040901054853674151e-01 9.068350145970482945e-01 5.589346817683706892e-01 9.172885197212529707e-02 2.909393440504476902e-01 9.607543039159794906e-01 9.973146339355924983e-01 3.208293293767849885e-01 8.893098320211053620e-01 5.435671838487198260e-01
9.048346096085811974e-01 8.029129366624048192e-01 8.034754571565625447e-01 8.986150987156269476e-01 7.244119133532189725e-01 5.462266997692131199e-01 3.487611736312833388e-01 4.959405623649010275e-01 9.366672731032685828e-01 2.305710970454137587e-02 8.878688883857512870e-01 6.567080325020691056e-01 9.714276309597136283e-01 4.500944315632545156e-01 9.310670782012572255e-01 9.043517904656316331e-01
9.902671202675856765e-01 2.151982206008089538e-01 4.979298992604208052e-01 2.958132527913887588e-01 8.752576679735986076e-01 6.063161097447792303e-01 7.176600039899391215e-01 7.166973526697103525e-01 2.208570082374868293e-01 1.596966806684485263e-01 1.877649501174402102e-01 8.759346952508397788e-01 9.027206428740262023e-01 1.922843219014410410e-01 3.501482304857805317e-01 3.293376007006329487e-01
9.466582556019123018e-01 6.879205680743820661e-01 7.360771118948363778e-01 4.104814862289424271e-01 8.221058957333564621e-01 9.843562614553336143e-01 4.751105012752452339e-01 7.950004348759136530e-01 5.892714352451765558e-01 4.205848770340590570e-01 1.768487683326319393e-01 3.439019490111668298e-01 9.568206534818652909e-01 9.173119805599390109e-01 9.217182708125459811e-01 8.667903844197846208e-01
8.636601882539317598e-01 8.176418125123396941e-01 8.225864228602801642e-01 6.639542304280567908e-01 5.535688795935074236e-01 9.448096489730747338e-01 2.440037660519551732e-01 8.167458896397030710e-01 3.898865262784619867e-01 3.280318247425731970e-01 3.562333011319068071e-02 8.497132454063301976e-01 8.851804214887188937e-01 3.853793163341583394e-01 8.963260733338658248e-01 5.651233259489246707e-01
8.938805097364637131e-01 7.522867912785462519e-01 2.883881246499626627e-01 1.621274254177736407e-01 5.954498581871322527e-01 5.183530092635608710e-01 4.332233342229687700e-01 9.339388194819391309e-01 7.850232323049435301e-01 9.094860519616151384e-01 4.455066360620170696e-01 6.167217965378285482e-01 7.227013252113333452e-01 5.078408904174834815e-01 9.867445466941289212e-01 8.818186314733562625e-01
9.835903563972793195e-01 9.246609950049184956e-01 2.451587158650158360e-01 3.398138889689906184e-01 7.529822584928631546e-01 5.236349347444175795e-01 6.871867077086781794e-01 3.993603538126305197e-01 4.877462371018354004e-01 1.962956571461391686e-01 3.365854183884026130e-01 1.754343066216992042e-01 5.741320235518366788e-01 9.775188468445940027e-01 2.364663541451018092e-01 3.870557542161827125e-01
8.924883386275765940e-01 4.253056408444743086e-01 6.804376348046932144e-01 1.945047530464745766e-01 4.775878640783920437e-01 9.960613055849352193e-01 3.735894413433825667e-01 8.907745170417700198e-01 2.629055518659084711e-01 2.817491180220089708e-01 7.396126943837951773e-01 2.800693273800087257e-01 6.022990489881887566e-01 5.558915930410771589e-01 2.510834444869030624e-01 7.214628919248455841e-02
9.939175511943459940e-01 9.982017080743079696e-01 2.195603041813151135e-01 1.829424776993735513e-01 5.248220079393167703e-01 8.013328539418870244e-01 7.730940144487223886e-01 6.020068886552440990e-01 7.375076622270728688e-01 9.425312080828868178e-01 9.574414245657077993e-01 4.903876324633670014e-02 6.897243063055499279e-01 9.455290997232081995e-01 3.216991734694314431e-01 6.877333391361034609e-01
9.811824418541182924e-01 9.379415069598502352e-01 4.785347336790174433e-01 5.480641019500819278e-01 4.302877000451715839e-01 8.237238241441100506e-01 1.850147218559916040e-01 8.638056897811230428e-01 8.890800966769244473e-01 6.508629926257754050e-01 4.046910761795877720e-01 1.161908640018853023e-01 7.632928358268611380e-01 9.394627021379537979e-01 1.367608104545960379e-01 6.656956294494386084e-01
9.012130902989231584e-01 2.685146593332174425e-01 9.041083652777248680e-01 5.838650731164853891e-01 6.598469311871865139e-01 7.479036643936873840e-01 7.983852757634087860e-01 6.871743861995079916e-01 6.329307062499333059e-01 7.841163829476248681e-01 6.768201737388195305e-01 2.108365096612785927e-01 9.884675251629952974e-01 6.814310437957252775e-01 7.216570154577275353e-01 6.336189317931194553e-01
9.605073529745633554e-01 6.741881296055016737e-01 8.526437663720407567e-01 6.077241165820979063e-01 4.943536680566669173e-01 7.237307693132455366e-01 2.662354622128761950e-01 8.825291279287743595e-01 4.979934106310044406e-01 6.248540349067217559e-01 2.702861824830869453e-01 7.645083858403953214e-02 8.479353538219234210e-01 7.601935279030970216e-01 5.454899017276867434e-01 2.523244219312000686e-02
9.993598674125323544e-01 4.060824599090241960e-01 2.117904650950340195e-01 4.386570540288856068e-01 8.648641919024633307e-01 7.105593320953298431e-01 9.759919323118126586e-03 9.924690181439765890e-01 4.039938474576582061e-01 5.982116015001733844e-01 7.157027577808044994e-01 5.438075358148183325e-01 8.317377753340773339e-01 8.822749853100646522e-01 4.247991160117117193e-01 6.453936855122109906e-01
8.879664657025214680e-01 5.939212923525144516e-01 6.537665647491317511e-01 7.544508002532589463e-01 6.787991560096318100e-01 7.399743979564882279e-01 3.073572370958169847e-02 7.255888155781832216e-01 3.349913762991733601e-01 2.370826125194922251e-01 2.105483340286578575e-01 8.973027249091064528e-01 8.065768062752963763e-01 2.427718508658398000e-01 6.974827683928290778e-01 7.589872557050211244e-01
8.811898187244499026e-01 2.559536458632891143e-01 6.714422336870830010e-01 7.930646191741559659e-02 9.962426421831880319e-01 6.440458783250005981e-01 9.832269807095090908e-01 7.006833183450336122e-01 8.796431284967521913e-01 7.236347687259224448e-02 6.941383116589044944e-01 1.252801768435828633e-01 6.986524710969158614e-01 2.211515322898347513e-01 4.942786275835240328e-01 5.047202312630774124e-01
8.737051058919711455e-01 5.688861773948574729e-01 7.070156957887503424e-01 6.371518363204271562e-01 8.874262475371952341e-01 6.354963492713416873e-01 7.236538534970214931e-01 6.569404704998320632e-01 6.251031922806659091e-01 3.541188165435313340e-01 1.308536348464585386e-01 8.796809027194264774e-02 6.284878756148050138e-01 1.488613789807387844e-01 6.576347290225765807e-01 2.531062126800556755e-01
9.384148156764262616e-01 3.536216901012142477e-01 7.892295442676344752e-01 9.329225082599124086e-01 6.033483562850863180e-01 6.951738628204513493e-01 5.505317375373840472e-01 9.557967497254620248e-01 5.042597579005797526e-01 7.684585520169723294e-01 3.524031706551075116e-01 7.426421661376562122e-01 5.737469206788514686e-01 6.322382430756938732e-01 9.524168167785158623e-01 2.361200798640575027e-01
9.330918773218128681e-01 8.734187798304176020e-01 3.060857923334750486e-01 2.728627792139133312e-01 7.319740180898733906e-01 8.689754116322891964e-01 1.560358920279127370e-01 4.859083397604281318e-01 6.851087953155254873e-01 9.987129263910021759e-01 7.713980354849307997e-01 3.256988283146656227e-01 5.868464996834609204e-01 7.747495406095827875e-01 6.761031767567464712e-01 5.488664247240679916e-01
9.428789942844176819e-01 4.688034402980403303e-01 9.698774738816549057e-01 3.733497879259541352e-01 5.496708779823010760e-01 9.063192791992593644e-01 2.983287645612297534e-01 6.296000404063286648e-01 2.465746260069843210e-01 6.647861430484407474e-01 5.304352040122797263e-01 6.367055539444017587e-01 9.152999312929710474e-01 2.832216791701657188e-01 2.189315574468511105e-01 3.110652436567775125e-01
9.633671478059395721e-01 3.058467231288841681e-01 2.493381788351241579e-01 7.273001717224973905e-01 7.487120165015324069e-01 5.618049834294747136e-01 1.373788099500304338e-01 9.477496304662522686e-01 8.662720677848773088e-01 4.168021935605550551e-03 5.371113573482688697e-01 2.396060808763804048e-02 7.111355615623797810e-01 5.920552914047203519e-01 4.780004900446849225e-01 3.535520168829043297e-01
8.611695610531089340e-01 4.419439147400163748e-01 6.410994549264570352e-01 9.844554109028653688e-01 4.689787365438205513e-01 7.549068290130157566e-01 8.547900151759837417e-01 4.285165400470763442e-01 4.676945514650879820e-01 6.885735628121157914e-01 9.813370196701696191e-01 9.118051344692534865e-01 5.950152933987676862e-01 5.421620273434005766e-01 5.261040823886597995e-01 7.950233694599359024e-01
9.310372256621860521e-01 8.524653427136779094e-01 3.295604398836828319e-01 9.663412427461030019e-01 5.136172772825263744e-01 8.434135115385374970e-01 5.646511380286204362e-01 7.500380108005924029e-01 8.394103699621817682e-01 2.584462120843956656e-01 4.269532112064908236e-01 9.409016715807105857e-01 6.718423299781969282e-01 6.266997426389928627e-01 2.987098797903603442e-01 5.967049713535733657e-01
9.365337406939583387e-01 5.217197259973419543e-01 9.006682685664917365e-01 4.649059514133488391e-01 9.389901698180207479e-01 9.644702186660183418e-01 9.408288609157388072e-01 8.454152625861182102e-01 3.618134552709632024e-01 7.388833663451338518e-01 1.027371217178139340e-01 5.561437986096344765e-01 6.170532067198641890e-01 8.879255839980639831e-01 1.850807094874212799e-01 6.827656062105119661e-02
9.968206046625254224e-01 3.162384280579324525e-01 9.229921806988841126e-01 8.666305620620015082e-01 9.875874492238869706e-01 6.780302559624902248e-01 9.738675385386708072e-01 5.477474832527658988e-01 6.575921363648825624e-01 3.819601554336004567e-01 1.591148135295767929e-01 1.943157401665128459e-01 8.732033102482702480e-01 7.368531616774334214e-01 9.738050486715102982e-01 1.570309579473678496e-01
9.109122076237714527e-01 5.414071493094967380e-01 4.682724990235759832e-01 8.206136863449182695e-01 5.314321980195951811e-01 7.991789289716101363e-01 8.108513897449926011e-01 7.813192194584130945e-01 8.131210770800291199e-01 4.927512298658574541e-01 7.128391002680670163e-02 4.453668779935024968e-01 7.426787461351017638e-01 7.171241958870578914e-01 7.475725527576095875e-01 8.552488081740720061e-01
9.451016534537308722e-01 4.196285537273647392e-01 7.692615822001593884e-01 5.247299889508474369e-01 8.314827185759324779e-01 8.895351707615102299e-01 3.802141300913418620e-01 5.061573637373872891e-01 9.104107361289995870e-01 5.202121710724241233e-01 6.649159251713261387e-01 2.629757537765815001e-01 7.981044873142950635e-01 4.605447860430150198e-01 5.290200231859469859e-01 4.369553338805327036e-01
8.680335720610086181e-01 6.101599239283403975e-01 3.619523007613448806e-01 5.098207728108181125e-02 4.856561735892124254e-01 7.664123122366079954e-01 9.192819678268544514e-01 6.997097487358452383e-01 7.932261096478209206e-01 7.053484719402907110e-01 4.622578235620747322e-01 6.983819350341216037e-01 9.116515517516606826e-01 1.276537858275561543e-01 5.988788540700769047e-01 1.143496039201369191e-01
9.752058757158673652e-01 5.093941044495908788e-01 5.807627176607272901e-01 6.965050371200186552e-01 6.887160415536350833e-01 5.731648212954785215e-01 3.046412699129923962e-01 7.738530609630697166e-01 5.295151767348729166e-01 8.988895718272228441e-01 2.270641926917567888e-01 8.110177221465213471e-01 9.318066182338180514e-01 7.560271441180455021e-02 2.673572141218906739e-01 8.335398644951768077e-01
9.288810093760526687e-01 4.883809551565136964e-01 7.122430850690542048e-01 7.981744109196791115e-01 9.751579622559370941e-01 6.556180451826476574e-01 2.197735503185278549e-01 6.474216833130150839e-01 4.167929261289299303e-01 3.060090857671427522e-01 8.711990512080177718e-01 4.077512121256499644e-01 7.695272489318738529e-01 5.058344294120989404e-02 6.287706898881633144e-01 4.751839183744033246e-01
9.600527634481303974e-01 2.879375035701902674e-01 4.516358241226196002e-01 4.776439927143331654e-01 4.362623277014109902e-01 8.969785984453997330e-01 6.406351769361606774e-01 5.867584837528156960e-01 9.815998828226787376e-01 8.255814861222774415e-01 2.445113895902432388e-01 3.054929705422155806e-01 7.901284546573966727e-01 5.128815831251859469e-01 3.974236154084831441e-01 4.180713186604032017e-01
8.646150404704868730e-01 6.435577122418423279e-01 3.958549368480434039e-01 8.276234154699784185e-01 7.145325211086113182e-01 8.161784569474155315e-01 8.942406573162836603e-02 3.846955313796781017e-01 3.446182926309597772e-01 4.148511559553558908e-02 6.000721471183360078e-01 4.709387530257914678e-01 9.302877920526169131e-01 9.813038156495364206e-02 3.088466249003640751e-01 1.838514403565727484e-01
9.207328034780963844e-01 8.947322383637352772e-01 6.180526225503848448e-01 3.393407043163828435e-02 9.283704618692804056e-01 9.379135336987993732e-01 4.033098980005593304e-01 5.599997173796540384e-01 5.757047634556020643e-01 8.652575704853208149e-01 8.066334233697658451e-01 3.576482692264862928e-01 9.403769247618813942e-01 6.666366582768371574e-01 8.758988985775476577e-01 9.841695242298548196e-01
9.666043693466892517e-01 2.336397401396435036e-01 9.986880407490943412e-01 9.051608913792381639e-01 6.457802801993894892e-01 5.824167660125754153e-01 6.141921629440337815e-01 5.183839277938149248e-01 2.119703190484422684e-01 5.109080280270080765e-01 1.161935514565743122e-01 9.735328030767478324e-01 8.605475214217996882e-01 8.326269568063152660e-01 5.704925438161092544e-01 9.769469571764457516e-01
9.545746722144675678e-01 9.107803808301804249e-01 5.161726508661819146e-01 3.996945699892678339e-01 9.463068509146287388e-01 8.522413957087396907e-01 8.263346512911390329e-01 6.630902525645634427e-01 2.987921345506957538e-01 1.780249426257264067e-01 9.186126406490441321e-01 4.253169761027646989e-01 9.513771937831984049e-01 4.836613371199212086e-01 3.822769268082564231e-01 7.087400524869692520e-01
9.796164892185001971e-01 5.662476802876074133e-01 5.888382878917652885e-01 6.723245562709824208e-01 7.996172486334143237e-01 9.268884931273546623e-01 2.348206663400790040e-01 9.758057913134177142e-01 3.275765852397309885e-01 2.732008305541854254e-01 7.475548668007294673e-01 7.250590509031816788e-01 6.677994986320601178e-01 3.345921461055756385e-01 5.804589024596882307e-01 1.912930349437441113e-01
9.501542348555727102e-01 3.767310080730102984e-01 4.198853753504840358e-01 1.333337622634899189e-01 6.307506331018535306e-01 7.033043873993178874e-01 5.894417302322823016e-01 7.394454319101901874e-01 6.096635699751058457e-01 9.626109335754535756e-01 4.664405187254833801e-02 2.506536419829794027e-01 7.795890932028164411e-01 7.914173513679688687e-01 7.905950708356428436e-01 7.309597176013058473e-01
8.850931184595429713e-01 8.590309095349539792e-01 8.321131646719321928e-01 8.584711607521948729e-01 5.717107532592226038e-01 9.787981633506428469e-01 3.268925627028585468e-01 9.710106999543033357e-01 2.734367369856423036e-01 1.362927817874584335e-01 3.922749710319645144e-01 6.812422325450314675e-01 6.195366600087633957e-01 1.129719605035087449e-01 4.590813819359241821e-01 2.187726632010581762e-01
9.213601446015435847e-01 6.169688907173787040e-01 5.428953433931015260e-01 9.579224298276753924e-01 5.828295856254834817e-01 6.654715366141992217e-01 4.578682562045006121e-01 4.450805467464028498e-01 2.869936906386387765e-01 6.043777633115477999e-01 8.313569493374142194e-01 5.058817209538213344e-01 9.805688814128324937e-01 3.601571603367154095e-02 7.817865753157152708e-01 1.390110451828584226e-01
9.735980091986154994e-01 3.752556725903897217e-01 4.280546539839087949e-01 7.055089031915100506e-01 6.553044761607189628e-01 7.851053714416011964e-01 6.743318299659556425e-01 6.216999608636784025e-01 7.670680793257035335e-01 2.062312757648133155e-01 3.679148576455482100e-01 2.277947488863257819e-01 8.942799553585227823e-01 4.109943509653243288e-01 3.603844006996432259e-01 3.823658807009702176e-01
9.574899994309695739e-01 9.560300649860395961e-01 9.379544412859388558e-01 4.951667744097793533e-01 7.779037363031195973e-01 5.346155476414242713e-01 4.482916973040602937e-02 5.896077978116025520e-01 6.713257821022374783e-01 7.580894134995335154e-01 3.014202233613316184e-01 1.497361209632816492e-01 7.563934163160708213e-01 9.899382961295307704e-01 8.330531561766203463e-01 4.595684873992565422e-01
