7.609759608086629212e-01 8.450912432244294115e-01 3.903320450930425900e-01 9.488745030415580706e-01 3.541236105591446526e-01 3.250451087003266570e-01 8.368026272914733665e-01 9.090474769266362332e-01 3.465149159114288557e-01 5.408208636345799292e-01 9.814947485738783062e-01 6.416578399985357617e-01 8.396895345618753392e-01 8.764556933483436119e-01 6.727089917000887986e-01 8.011694224957239818e-01
9.905590678352332867e-01 6.534648989787993356e-01 6.095032480380183637e-01 8.904616631178042807e-01 7.212896038808098709e-01 7.192658141634028501e-02 9.168674097117485156e-01 2.313529561981624016e-01 4.887515381465104003e-01 8.982878895752481885e-01 5.588891687758574811e-01 3.750661883645411421e-01 6.145464155332528433e-01 8.107154503651717858e-01 6.120575114472820433e-01 4.853207697534761000e-01
8.527941469544909614e-01 9.504078606270315310e-01 4.363169192510940042e-01 6.398497345189412266e-01 8.594131214626706816e-01 4.393360686783120972e-01 3.266623596589661727e-01 4.415845700744466806e-01 5.299746987575888468e-01 8.398673835077657968e-01 9.501690955426601581e-01 6.089261891385525094e-02 6.637346395500723917e-01 9.508304972835182056e-01 9.067953234721553013e-01 9.837066790838806529e-01
7.686641145366510663e-01 7.703212597947892704e-01 1.027113489887293840e-01 8.014914136887707485e-01 5.491691107993930121e-01 8.512578200755684943e-01 2.658982661413269444e-01 9.115402341080214299e-02 6.996465030007696928e-01 6.342579521794767805e-01 2.560493540114964772e-01 8.609799371748414476e-01 5.864468626785120930e-01 8.714988408565590428e-01 5.666867658581327127e-01 3.098272348065365112e-01
8.790810557322917829e-01 3.925714686356633343e-01 4.165335557334940431e-01 3.926089171731864114e-01 6.025368133247231972e-01 1.161149390278951865e-01 6.203988455987980988e-01 8.032314043058382813e-01 8.164070718315221686e-01 9.832575676979479207e-01 5.842599251148635764e-01 1.383230738107561475e-01 7.347538319608426516e-01 8.952543123659872926e-01 3.918004676391140251e-01 8.900306573713260283e-01
9.495278184731725801e-01 3.014015457240239448e-01 8.714040426601843414e-01 9.208955159799021573e-01 9.839675321011417397e-01 2.169532485931045251e-01 5.080160468274570462e-01 4.360579458645279932e-02 2.111639514475522339e-01 5.144497197731032756e-01 5.025876065770207290e-01 4.855606503130271978e-01 5.992729549763355923e-01 7.606777780578591885e-01 4.018131807553237400e-01 8.718784126933327994e-02
9.419302654548954434e-01 4.339059387270158830e-01 9.067150603655272922e-01 6.715202191878685278e-01 3.820906543621492846e-01 7.838100657993725129e-01 9.717770376659813358e-01 3.876482861690955239e-02 3.298678426270712505e-01 6.001446462918265112e-01 1.629865711003934958e-01 4.132739701650810504e-01 6.597209504441562400e-01 9.905514154572394592e-01 4.164312552752390539e-01 8.486696888976773545e-01
7.634116643013471037e-01 5.076551644028018950e-01 4.659930932344930610e-01 3.797342077119027492e-01 3.609129672798390143e-01 4.986980163603492167e-01 5.723870726244262297e-01 7.304954518104609384e-01 9.261139460284658620e-01 2.227359513598275997e-01 6.199909049026550711e-01 8.353090915182509457e-01 9.462278832237247528e-01 7.921897501821706378e-01 5.573388248722239702e-01 3.758944586561929757e-01
8.705630342179669912e-01 6.165472638277493811e-01 7.085290921349624016e-01 1.177356038158962337e-01 4.574523842917641581e-01 3.576022050898995941e-01 3.463778660096546447e-01 2.979195922920040984e-01 6.729512427738532088e-01 1.368088370155490785e-01 4.401289590482060921e-01 5.885602962959617379e-01 9.388131882141045326e-01 7.469303095416023330e-01 7.540409510516026259e-01 4.431748903820449392e-01
7.865081270534750590e-01 9.327603411834360925e-01 9.858496165217071061e-01 8.619040066902133868e-01 9.571555318093690756e-01 1.698941298070779926e-01 8.115450329152999742e-02 9.589185716290639094e-01 2.806997076254882928e-01 8.738701299157488611e-01 1.447836047870743326e-01 5.089227541636889285e-01 8.466512853575749453e-01 7.373342251349025434e-01 6.590055390063576102e-01 2.122823659672626873e-01
8.081301263020213010e-01 5.881683876904714170e-01 5.974434409268791768e-01 4.199987563215810127e-01 7.171062714715072950e-01 6.675885275687828413e-01 4.229460157861745784e-01 4.812683714804080193e-01 6.453763313535790802e-01 6.121507457631352178e-01 4.804233580910638457e-01 2.248333056054247492e-01 7.689575818631677606e-01 8.512933093200404366e-01 4.443979738808233604e-01 3.642078890720338302e-01
8.002274883192177501e-01 9.675106611796696621e-02 5.397879624677902610e-01 5.865907829870488088e-01 3.987652978706972551e-01 1.430431231774213219e-01 4.120672122498517109e-01 9.641032155167501561e-01 5.102428108415713037e-01 7.513760614486809930e-02 1.958319959715096314e-01 9.016477995464742268e-01 7.186093182811414959e-01 7.810479261323326483e-01 9.249941190674415559e-01 8.225047308233730536e-01
8.939558360413553117e-01 8.915776918289191055e-01 3.748802512875843429e-01 9.360918259431975919e-02 7.479235661375820410e-01 9.674827682346041069e-01 5.989268329196899554e-01 4.396875756796041479e-01 2.172995107229916123e-01 9.901388665946000978e-02 9.676091352326523509e-01 5.326564460430139869e-01 6.452525531843812390e-01 7.174556890094292427e-01 5.354184363793317303e-01 7.470382899456456949e-01
8.837584955628153827e-01 4.213662575425656809e-01 8.117044803406079367e-01 3.517219011399153050e-01 4.981497479179446408e-01 8.805740868917328878e-01 7.799863633102754878e-01 7.089745264817406967e-02 3.267063460632411154e-01 5.214547978487844571e-01 8.091209565166342932e-01 5.234036418399775625e-01 6.009292218488009318e-01 8.550367354505223894e-01 5.892333807225687003e-01 6.181413533026587359e-01
9.085352156736814511e-01 3.118587235081900916e-02 6.291859482198067788e-01 9.676810288152829509e-01 5.851842213471913912e-01 9.838551600846113798e-01 4.619115599129416938e-01 6.265140147414642868e-01 8.850572819737153596e-01 2.815857806485491110e-01 2.957576671346784369e-01 9.761451226084707500e-01 8.214162327316875123e-01 8.637683641889379871e-01 7.991318722450697631e-01 7.793292001519757095e-01
9.642576406521727872e-01 6.434270375445219070e-01 7.533695335285717221e-02 2.120314075094406961e-02 4.214730276292074640e-01 3.889464557423574775e-01 6.714701740893654902e-01 5.205124598286967608e-01 4.744402835105965277e-01 9.736636782689164216e-01 5.222870789212071818e-01 6.728893206211976619e-01 8.531530888159104542e-01 8.852959095449960403e-01 6.186262477634947299e-01 1.240968106915643632e-02
8.279928610496931629e-01 9.106663947681740146e-01 1.823842009423280036e-02 4.258754040832615217e-01 5.741650294362143914e-01 5.339986027026311088e-01 4.573158991150024777e-01 1.568792022616525283e-01 6.816700369317453267e-01 4.948550517721803099e-01 7.278159391790505195e-01 3.729494419478018852e-02 7.479720596124843635e-01 9.127870534253295087e-01 4.316867464106491914e-01 1.999709381025160937e-01
8.178348952456201415e-01 3.442260895445500291e-01 5.190613601884602746e-01 1.382676012322106851e-01 8.190589701859123384e-01 8.991749117042638351e-02 3.808216963369853159e-01 3.840468698884936249e-01 2.589177439872702990e-01 7.058087275533468929e-01 5.779674277282850214e-01 5.738362599492922156e-01 8.124615848167064946e-01 9.368049669770752708e-01 6.440032679106799662e-01 5.707793849707695211e-01
9.898139317771309509e-01 8.221589331423552194e-01 8.444096731979676695e-01 5.303823773648574935e-01 6.595531431258166988e-01 8.694342248815882801e-01 8.165280375019302594e-01 7.052591887025345674e-01 7.250813587655060566e-01 3.806461554301827643e-01 4.195530300656468148e-01 4.434673966552106772e-01 9.923550585787934697e-01 9.651044769040576510e-01 8.402215801305330523e-01 4.218372325475032159e-01
9.849616465647420549e-01 7.484677138703266230e-01 3.065308774696057226e-01 9.124844676262653387e-01 4.408622241809583286e-01 9.134365321453659092e-01 9.494511284040398902e-01 5.021420303267267737e-01 7.565031190959107255e-01 9.502414627980413364e-01 8.842652011017669844e-01 7.645820673205278029e-01 7.041184066605415959e-01 9.172894123006165579e-01 9.595934021582455120e-01 1.036942973737262075e-01
9.560110125371703571e-01 1.288243862757495195e-01 6.764353958465727512e-01 2.376072764802793780e-01 6.385277399187716529e-01 3.694860007811576197e-01 8.482175844291778288e-01 2.177231559394060822e-01 8.376947787622446295e-01 4.510820118461925654e-01 6.689126366018612879e-01 1.360735304016116309e-01 8.940737887985965582e-01 7.383866074579114036e-01 7.015043128540329187e-01 2.415673972943760128e-01
9.611869175636758023e-01 7.148731284754502591e-01 3.475085897626030706e-01 7.240537501049619795e-01 4.441923303528542144e-01 3.193620817093349440e-01 9.278828683080024842e-01 3.122749825617406327e-01 5.620707169443140971e-01 1.158679926346421613e-01 7.181159572410622527e-01 6.251055899127319071e-01 6.955429420728177492e-01 9.859881210206071778e-01 4.978616958315319474e-01 5.368771962182016244e-01
8.550958466555436122e-01 2.795346683621610095e-01 2.480372320214258852e-01 6.025524277356197889e-01 6.213076425565153826e-01 9.599426840248306281e-01 8.898348465850524081e-01 2.485963230987914274e-01 4.049156354681024972e-01 1.801664298618051163e-01 3.181805901402459114e-01 8.090744801246839701e-01 9.288223113585474255e-01 9.558457635464102653e-01 6.926917586846843555e-01 1.448379755361524357e-01
8.116882708147372671e-01 7.773790799533772389e-02 7.662352307146564900e-01 4.912580288841836458e-03 8.755680087823878299e-01 1.170420840945477284e-02 6.929086180860559718e-01 9.357122825961703416e-01 9.962854122439475102e-01 1.845487450625309112e-01 1.862188645445015667e-01 2.551092950338668675e-01 9.117013774895323941e-01 7.098293898044824024e-01 7.349525726126648895e-01 4.807001344234181905e-01
8.226857941716240186e-01 1.717118037705290812e-01 8.816213839635186345e-01 8.399834693267996810e-01 6.772432373804487815e-01 9.204289421075244615e-01 1.554060618613091194e-01 1.251872147385926226e-01 9.463005190715397807e-01 2.786841065534309547e-01 6.536509672070232035e-01 9.886093978106923474e-01 9.639967562349371910e-01 8.193910889854523205e-01 9.874309383168966558e-01 6.481360633282320372e-01
8.621481993503943286e-01 5.952600005788163950e-02 1.840362203974300614e-01 7.066583355596968152e-01 8.708968238170001763e-01 5.883608168914337133e-01 1.899147394240766340e-01 3.281530194606485096e-01 5.721945280760599717e-01 5.723572390974246589e-03 2.994199171243944885e-02 3.994444460473809966e-01 7.816411872565902641e-01 9.039286462822275769e-01 3.687166203513221330e-01 3.389827494326921875e-01
9.047233843605484438e-01 6.906103329389622347e-01 1.411641248717706854e-01 5.035270637313424835e-01 5.260697882232409084e-01 1.301286888186449775e-01 4.487586927181146101e-02 7.978685577137812901e-01 6.550539262554200270e-01 4.615902303117003225e-01 7.443254280308416737e-01 9.425032672998272520e-01 9.519958160268153780e-01 9.979388885860727143e-01 6.315984729705577116e-01 5.623897945365394779e-01
8.030813133880528865e-01 7.873772236219508391e-01 6.853039302872431238e-01 8.418358864544106535e-01 5.618210384519078948e-01 2.982048208524965549e-01 6.663804429165882948e-02 1.100000184209032061e-01 8.974600667782615115e-01 7.835497183958588518e-01 4.550004833245641089e-01 4.707163787231086749e-01 6.853455667205246016e-01 8.617960066958538778e-01 3.483882976586519797e-01 4.540454161316401782e-01
9.218841825851473715e-01 1.506307908835912424e-01 3.053958074090028230e-02 6.963721608244547445e-01 4.066121877658716022e-01 2.687973566920857649e-01 1.791698223214158170e-01 6.071942769552816088e-01 3.045604327711021186e-01 3.368892935168015246e-01 3.443630578636996953e-01 3.056212585818274263e-01 6.384540113656785865e-01 7.979305929375756223e-01 7.281005385484737857e-01 3.985181738946142471e-01
9.338035031322849955e-01 5.788041184874925804e-01 7.264966477329941608e-01 7.429802600431508752e-01 4.937355996712868289e-01 3.813454902239449273e-02 2.487425546814632793e-01 3.710584217415749952e-01 3.748302527780589810e-01 2.333887574688842115e-02 9.196095867154335801e-01 3.345794832904036564e-01 7.623723816007190734e-01 9.233040599800774739e-01 8.661574956593123265e-01 9.102556661158395235e-01
9.763563204140692786e-01 2.958317138511146194e-02 4.883637629895278276e-01 4.879620552993029770e-01 9.301351636957899682e-01 6.350544778103077714e-01 7.228385757391463384e-01 4.656638522336409292e-01 7.971322229513845281e-01 7.001169600808938576e-01 6.366552977320759643e-01 3.249633258453454299e-01 7.842796493178403328e-01 7.221729972122054031e-01 7.807748241207237427e-01 9.745677941800912070e-01
8.993642404255417500e-01 2.080865751676680697e-01 7.489813479387696926e-01 1.460456377603344957e-01 3.338512179812793690e-01 1.850556826999145699e-01 2.131428558904314152e-01 6.900833008304785299e-01 7.635998593316641880e-01 8.171638499700667468e-01 1.081193843844606983e-01 9.025934736782346146e-01 8.701733176090917787e-01 9.334354863089262544e-01 3.864778046663443489e-01 5.849870309734616081e-01
8.471806505994358139e-01 9.764535976397350492e-01 6.605731788648239178e-01 9.995739272987187451e-01 8.432295869889032680e-01 7.632721262310586674e-01 8.705717903326186669e-01 5.945516792709178988e-01 5.879220244636222947e-01 7.579407161667398585e-01 7.885854786173512876e-01 8.019857782509645650e-02 8.838629151658043970e-01 7.269688625086496714e-01 8.136873781280862250e-01 9.510433716463193576e-01
9.256076272892217460e-01 3.568355059958950304e-01 9.772616882659628246e-01 2.598756869498456967e-01 7.861528906515919957e-01 4.539524409494749557e-01 1.345439486766883130e-01 8.241770751850281407e-01 6.257467461179894164e-01 9.262569677650029920e-01 7.521766796547833811e-02 7.978621621592593138e-01 6.174918225544738792e-01 8.883491103537679567e-01 5.281613542358948310e-01 5.383237425820978916e-02
8.682458335566728413e-01 2.567770510855352795e-01 1.159515761753634744e-01 2.786761658738373670e-01 9.960589058197445445e-01 4.059841721011212545e-01 6.059017568768729767e-01 1.354233134766612279e-02 2.692772360420889743e-01 8.562935722442763797e-01 7.772018834427906198e-01 2.002053928716366060e-01 9.803688571572248822e-01 8.090879715791364779e-01 7.725403197546815148e-01 6.408859923457385088e-01
9.399357347536726470e-01 1.143378370296118107e-01 5.735864093841273187e-02 4.720153618747683910e-01 6.296086130895095501e-01 8.278843299116651622e-01 5.576884231712897488e-01 1.856162453075543561e-01 7.308751246423172976e-01 5.745527179290975672e-01 5.271626551497319291e-01 5.556757764751938389e-01 9.853662098376945178e-01 7.046147506555098250e-01 4.673555570513134860e-01 7.294147847958099007e-01
7.798090389067532380e-01 5.040573025804190310e-01 2.735099176480714211e-01 7.930749597425861275e-01 3.276149786019513233e-01 8.075452282072256294e-01 2.256781269427890757e-01 2.695450410502844840e-01 4.700851134142690624e-01 6.407055330968625118e-01 2.475253299922390016e-01 7.274551716355983633e-01 9.144555773455042003e-01 9.719557255239528182e-01 9.826072254575903830e-01 2.843872711506539863e-01
9.134961587228176416e-01 1.891805769307972340e-01 8.413912016962191709e-01 1.709503976011549076e-01 8.143937694828365936e-01 4.757487153338700869e-01 1.546788263336109758e-03 1.700380542772044201e-01 9.800284240442637129e-01 4.289587653944706425e-01 4.002729498195361502e-01 9.248145352233544392e-01 9.023559706278170278e-01 7.908830820603162115e-01 9.458005860443745583e-01 1.843787188103210017e-01
8.769388986422019805e-01 8.205393286089672777e-01 3.219083784076086086e-01 5.463779166421237621e-01 4.821389724000646471e-01 4.430097686889943737e-02 4.839440908915862982e-01 9.857802621644158325e-01 6.063406007053526725e-01 9.117743971131988534e-01 8.697656296263051035e-01 8.729302468486048738e-01 7.246715856538135103e-01 7.526430548286878741e-01 9.632819633224907196e-01 8.747536420870675178e-01
8.325013757825854288e-01 3.207177022040600955e-01 9.499641899853124016e-01 5.763033030261577316e-01 7.620991477756243748e-01 2.578545421953702954e-01 1.105516970699719353e-01 8.917981937920470559e-01 4.369415573115499329e-01 2.440410470859007974e-01 1.091936725574775002e-01 3.716964628187734432e-01 5.711330791870884438e-01 7.678292523654020041e-01 4.904518969340750933e-01 8.025873138258399209e-01
9.974204721818967778e-01 8.629685087851388658e-01 4.561339619185399430e-01 6.379752938958166419e-02 9.655083273526392507e-01 2.319494130503389762e-01 7.496426530165920532e-01 4.152593194693747769e-01 7.864767287235194804e-01 2.126149542408078408e-01 6.313006165995167784e-02 4.546156131263377059e-02 9.670054240803473977e-01 9.600359090131984630e-01 7.129865880481326412e-01 1.092820811633521128e-01
7.745347237863484668e-01 2.288856411783331546e-01 7.885656916778471803e-01 4.581743624060241604e-01 7.704544994044209005e-01 6.163040351976503128e-01 6.417261616246058287e-01 7.491728545154661134e-01 3.791936676366051140e-01 1.596169962777082008e-01 8.236021447841558318e-01 2.603719555786900841e-01 7.421317333871249033e-01 9.063321319979321666e-01 8.880535818731316589e-01 3.955517433721141007e-02
9.312339789771422183e-01 5.427336606049927292e-01 2.466558707802277983e-01 4.290128503465510945e-02 6.915637126101594756e-01 6.459951527786360614e-01 7.886028028704765713e-01 8.781754148495810597e-01 8.530988105225133511e-01 5.973577454191138919e-02 9.401265010676140843e-01 6.866111411793635044e-01 7.127438157148481279e-01 8.230504764483581592e-01 8.017059291544768040e-01 2.926179745970560186e-01
8.429465720924774752e-01 5.489157050886073197e-01 5.572078858741059681e-01 3.136036263333508156e-01 9.032567004100465757e-01 5.494252236932495315e-01 7.198900573725824925e-01 8.538845662582378315e-01 9.092403680083459561e-01 3.019159338205022469e-01 3.709565326341545122e-01 1.766412194868818564e-01 6.703022852987943203e-01 8.410779238588937945e-01 5.828604101952232774e-01 6.877544000512857414e-01
9.698506303965840347e-01 9.862799047259648288e-01 3.336771596248929717e-01 7.770342235706998446e-01 9.308123530281263713e-01 5.164710261229223942e-01 3.061173746607810664e-02 5.558971865577965188e-01 8.709207950543194077e-01 7.615918052376369207e-01 2.709046727433284674e-01 7.756622418617084014e-01 7.991795091471505241e-01 9.457894652761408283e-01 3.369131779631618917e-01 2.582609808973599375e-01
7.909742434504358766e-01 6.731485654693893927e-01 2.264391034232898503e-01 2.840616638715836029e-01 6.988117210997930595e-01 7.313925010843432828e-01 9.939474693033444330e-01 6.612159881894409397e-01 9.646334058946229861e-01 7.232330347659067238e-01 8.603261120314329435e-01 1.854170308399303024e-01 5.797972998561385927e-01 9.795943750066733458e-01 5.114806793771718985e-01 9.255135856099082625e-01
7.925165288868604163e-01 7.270130484626989853e-01 5.806603113929044158e-01 1.898526292013405781e-01 9.014200942065584421e-01 7.584388293349318966e-01 2.809856397717044318e-01 6.431871783808270626e-01 4.226253813901245660e-01 3.539069181023700161e-01 1.937524598391472674e-02 6.617143686466020469e-01 8.293582952483375959e-01 7.788924687719456230e-01 8.757927257879385419e-01 6.794385092556635142e-01
8.911828264855050641e-01 4.824332166497273255e-01 1.988811392268322875e-01 3.370709698768142859e-01 5.195996082520859538e-01 5.606208533798964222e-01 3.010171607055706078e-01 7.651859997410375147e-01 4.524743284286329992e-01 4.109121501681167188e-01 6.971734295785441127e-01 1.002980930113159391e-01 8.693731356519078801e-01 8.362136640640948082e-01 8.323244832721053976e-01 7.098890181818766631e-01
8.397486925073549546e-01 3.842483625729027907e-01 9.300405318330493554e-01 2.054296782194647564e-01 3.078698019000531971e-01 7.012230355899854439e-01 5.201574868350664627e-01 3.520371755987738993e-01 5.393927014326618252e-01 3.694914990033261737e-01 2.262085940568779596e-01 7.094101975405844307e-01 8.074724268799675642e-01 7.729777878161334659e-01 4.567119132728539310e-01 1.528641360595838494e-01
9.721128954078184226e-01 4.500995041818995901e-01 1.493414303476829630e-01 6.431017867575907765e-01 7.928288083962522492e-01 6.996269550484506272e-01 3.785467908759777567e-01 5.662278000003708733e-01 2.453283832606387160e-01 6.638136818063012923e-01 3.556669345517142200e-01 2.785197024420904000e-01 6.323813180734780826e-01 8.291455592619640935e-01 9.064490671814573464e-01 5.196065483232134019e-01
