8.819118091475389720e-01 2.048981986449856241e-01 2.599235560808880185e-01 5.055560178907353430e-01 7.839345404907205328e-01 8.320672360481423668e-01 4.168610312510418608e-02 1.322703889706620395e-01 4.235982242831437539e-01 7.945162694574975371e-01 4.814933471858742209e-01 7.616254777939159837e-01 5.669169435064934648e-01 8.898918749024418151e-01 4.162204634847588292e-01 1.742089024303158651e-01
8.183022875420965514e-01 5.000533426176266838e-01 7.754615053045211814e-01 2.674396833116604588e-01 5.245491416590846168e-01 4.668055792177160934e-01 2.707256519463929756e-01 1.612476278460116819e-01 5.497293885425369453e-01 6.865139685512370304e-01 7.690259014566112050e-01 7.359644378361342998e-01 9.177735923478964608e-01 8.148405353360856918e-01 4.688782859518216273e-01 5.488543001349431849e-01
7.915707390409100208e-01 6.666427108690461401e-01 4.084966366965210316e-01 3.722963282672096530e-01 3.763965002866430654e-01 4.348754771962437538e-01 2.177079527273631521e-01 7.749859939799929043e-01 4.942312263559228702e-01 7.545876339658660892e-02 4.575506327561927322e-01 1.840192658925839109e-01 6.763544141083253081e-01 9.913568863847389556e-01 9.301140768210878207e-01 8.283928280922358001e-01
8.097752697322124771e-01 1.853493790130216201e-01 6.731332654887643985e-01 2.347398582721367810e-01 7.715363923490137221e-01 9.375512135482966247e-02 8.812612083013459108e-01 3.668315383311956945e-01 5.248012786385943818e-01 3.221539199954340793e-01 3.766913815957224076e-01 3.778996186716119254e-01 6.250430400984692270e-01 9.454933282731724509e-01 8.895466422869684475e-01 3.304026475896224002e-01
9.357801088697859093e-01 7.999612080800772018e-01 6.236920847141884661e-01 5.296407796956101866e-01 3.392889758993680727e-01 9.485300706888184497e-01 7.338227274921644838e-01 3.988208121598714462e-02 8.012257066575829700e-01 1.240362940482205995e-01 7.254748230280575472e-01 9.163154087703118122e-01 8.973163078342600851e-01 9.303572150986203493e-01 6.986951755005930131e-01 5.878009794246110697e-01
8.867517637249009432e-01 7.815142327704605041e-01 6.852609752677704114e-01 6.977390035884279973e-01 6.718277342181745437e-01 5.192838425661375212e-02 6.855088890274262381e-01 5.272957600543425327e-01 7.917599391481653370e-01 2.199167882306396482e-02 1.655354281497277424e-01 7.929018697020048245e-01 7.553393230784749557e-01 9.669502356983323832e-01 7.805742871533727367e-01 5.738030538664186109e-01
7.808744765230122287e-01 6.218289645867826065e-01 1.344176017504420395e-01 6.722166851209160354e-01 9.616035664819221340e-01 7.779576301790958048e-02 6.270660812299492237e-01 7.723742432041177941e-02 2.186581240772514645e-01 7.773385182008033523e-01 9.174194428515991540e-01 1.470721382733695959e-01 7.901311130888665213e-01 7.281879080033892837e-01 4.907810239230859795e-01 9.820165127240991776e-01
8.733614257577991813e-01 4.283915191051925198e-01 5.473588271125905125e-02 7.982419410799772574e-01 4.820673991349725407e-01 4.557090829848473024e-01 3.304387335435624018e-01 8.489204580761827712e-01 7.181467731529638243e-01 2.477378945066877614e-01 8.893918443497148552e-01 1.297154749539615182e-01 5.998331227743968208e-01 7.762797426042038484e-01 5.381746487191093609e-01 6.904412660867086382e-01
8.263181156983180342e-01 5.742532171815175612e-01 1.556166865390558665e-02 4.173975684965675059e-01 3.489200788097273076e-01 6.331210609649684518e-01 7.145405786282414962e-01 2.993445968287588577e-01 4.479514367484281889e-01 9.611751688222240908e-01 1.303889447500350962e-01 6.246738816238041059e-01 6.369500093550585218e-01 8.029041720751619593e-01 6.158204782990617243e-01 6.474917258866023095e-01
9.687747506903381378e-01 4.061754249205529188e-01 6.469292326926652237e-01 5.635305880731897865e-01 9.741425376151935378e-01 6.766142086451742976e-01 8.079086073807804080e-01 4.798777950852164964e-01 3.878642257972213514e-01 6.245052678129521251e-01 9.498630619130874475e-01 8.486102496701468656e-01 7.798430459928370473e-01 8.861614862487824373e-01 4.384370369232140074e-01 3.033474530421682580e-01
8.986239229690016206e-01 6.014943178887843106e-02 7.043386893011419625e-01 8.494013731007649115e-01 8.942593532270703971e-01 2.875069877856350486e-01 8.238880518587893276e-02 4.053599533339862226e-01 3.099858557004525617e-01 1.074545043997262445e-01 9.248656772985953678e-01 2.072856393885629811e-01 6.446910875556624010e-01 7.693501086757531526e-01 8.143364816189362365e-01 8.865005892442797686e-01
7.966799698908134664e-01 3.200783612809766643e-01 9.600307174607636274e-01 6.513246057101516884e-02 9.906353503909898217e-01 7.227083907215844372e-01 4.589270687776657587e-01 6.123429245073354066e-01 3.477013999811010558e-01 9.094354429268906026e-01 7.214362099812497986e-01 2.323867884385173999e-01 6.943188494317434900e-01 9.365974611886851431e-01 5.171285845340485299e-01 8.615838565385290915e-01
7.718949736598254008e-01 8.185064846582218445e-01 3.605728865900540425e-01 4.580422984128970643e-01 5.564577993501742537e-01 7.986850944765458982e-01 8.426191824565143484e-01 2.202238258148649930e-01 8.415291104069789752e-01 3.445395170099486148e-01 2.462362292739423142e-01 7.207260265703121505e-01 8.711204452988479119e-01 7.505337811229988443e-01 8.018203341004742635e-01 1.212208637366537500e-01
9.896980320583926849e-01 1.381966563900564049e-01 2.258504593892933510e-01 4.966091179605017225e-01 8.198322223119991481e-01 1.114284889023184622e-01 3.892861660932041556e-01 8.973906306712512437e-01 9.764321141477395605e-01 8.744263644173552175e-01 3.358012869246423948e-01 8.225972798030171118e-01 6.050301136163929172e-01 7.671188209135185732e-01 6.104952921300267343e-01 4.928659024190036320e-01
7.842270421758001930e-01 6.268033604823062266e-01 9.786680616838109303e-01 9.666708143785229801e-01 5.923252593207698480e-01 7.757383614558440721e-01 3.574679438517790464e-01 3.420680490692287190e-01 3.292897449201075410e-01 9.262244101019302400e-01 1.099107242098987386e-01 3.303663745801847518e-01 8.532528881052960923e-01 8.667151760563219787e-01 8.283193766463176066e-01 4.793627326693544743e-01
9.841854427121843329e-01 9.787091468702203700e-01 8.348579693332124074e-02 1.206240555585195856e-01 3.611126505832500944e-01 2.363381601320939662e-01 1.871317561477979785e-01 7.128394937457473990e-01 9.637715357989146137e-01 3.135458682442927025e-01 5.100366149168453767e-01 4.627880832956583479e-01 9.744982587912606187e-01 9.132717917063521984e-01 8.679989889842616435e-01 3.922070802729855643e-01
9.403027267602210859e-01 9.667197791155886233e-02 4.981555137162432256e-01 6.115359771909348874e-01 5.278900970201749754e-01 2.776880660270901746e-01 4.618700535100989102e-01 2.670483164619834038e-01 3.694529942582965854e-01 1.598660371394234822e-02 6.211048916097475781e-01 6.805368802096193326e-01 7.128820991484567937e-01 9.104733283443727787e-01 6.815843101346723554e-01 1.972538692332820032e-01
9.067718052119444483e-01 2.534294018303021034e-01 1.091706846007449438e-01 8.809795828233408788e-01 7.945172002654136145e-01 4.003128812349505683e-01 1.682636306450623759e-02 3.107407524317560288e-01 2.904197654600318423e-01 5.532300428998895292e-01 2.754655900377190880e-01 3.348849834336294906e-01 9.481398277393319196e-01 8.181034000420410734e-01 9.910590865640787062e-01 4.420483665866511425e-01
9.536868612392483957e-01 5.082594183655934073e-01 7.590656666425309451e-01 1.933307423621490606e-01 5.008692793658109377e-01 4.819198385987860656e-01 2.565773717354067340e-01 4.874069895817491060e-01 8.887906109527603515e-01 7.477122824712477689e-01 8.132795462763321437e-01 4.072823010100527774e-02 8.048580196904331352e-01 9.827433538291756587e-01 4.586543661875466249e-01 7.457888926332785218e-01
9.284691222710240721e-01 4.015295216845334303e-01 1.055723905018288583e-01 8.317089268572111505e-02 7.411827663199939131e-01 8.453057148790602549e-01 5.499349525487441381e-01 9.047267135208666433e-01 8.812693242375456704e-01 3.941806388232664271e-01 4.305804429750713092e-01 2.674760690662532636e-01 6.533574762987935935e-01 7.358613027382253646e-01 9.647603026450355390e-01 6.787466087322063801e-01
8.216030653742558698e-01 6.972305703213141914e-01 3.864733061728756747e-01 9.198777565293997371e-01 6.133994984812818352e-01 5.489019697388620722e-01 1.471128057504580977e-01 9.998220006841575247e-02 4.871369887018799361e-01 4.276567861976936502e-01 9.656099716165690294e-01 1.024003391017792586e-01 8.417121019859086228e-01 8.974336880072546485e-01 5.626062200165566907e-01 1.447128822726409803e-01
9.965326593164693936e-01 6.449787122383373594e-01 5.898122466766366756e-01 7.183241739758569055e-01 6.836478576949881480e-01 2.495939589405322678e-01 9.193892756302384228e-01 9.459552916854506721e-01 8.311527410063104249e-01 3.738314373820585956e-01 6.297075416573215678e-01 3.524276122008040274e-02 8.662594944791479623e-01 8.452484470277907835e-01 7.153235098126979885e-01 5.462060771270559056e-02
9.730151796412586096e-01 7.969942284181806558e-02 4.799280497736024276e-01 4.375942816060320872e-01 6.586567962472632543e-01 8.109300353284312202e-01 9.972116359161375954e-01 3.991257112427649689e-01 7.443913435363544995e-01 6.692720211859091162e-01 5.775369244610848440e-01 1.745352228880974188e-01 8.223417446464857949e-01 8.760220466657159255e-01 9.192371638690186586e-01 7.255967898709388963e-01
9.507908252886373424e-01 3.673686737323387241e-01 9.979346986360759786e-01 3.552904621144697961e-01 4.444020653617487548e-01 5.821526889535606486e-01 7.769720453396046222e-01 9.342822264597639981e-01 5.112937699712041262e-01 4.487906164784230545e-01 7.446881705139609675e-01 3.092273049005578867e-01 7.683569390230423624e-01 7.818324713107328572e-01 7.683324790174916874e-01 3.093638915065298201e-01
7.880025836685520257e-01 2.187986412025572439e-02 6.374168516052935995e-01 3.061079745051598633e-01 5.685083249373810155e-01 3.295837536177879667e-01 2.250293689927979346e-01 9.766384474289168116e-01 2.128483263166567052e-01 5.645208532377639088e-01 2.022696732539849551e-01 9.225842959142108723e-01 5.792986329908613730e-01 7.583999882634839818e-01 8.654511088744316627e-01 9.716936024163007612e-01
8.602480914272191415e-01 4.729635052147669327e-01 8.494119099823344010e-01 1.552382360614237566e-01 6.368358708744052965e-01 2.047706400363340229e-01 2.927497148763024901e-02 1.878417711808044732e-01 9.261643913573369691e-01 8.243235261620872334e-02 6.782220105377710917e-01 6.441266862054733089e-01 7.311459798250381503e-01 9.045330322323485994e-01 4.529473450052216577e-01 8.138698876702874507e-01
9.089336646430347111e-01 3.289061138682892182e-01 8.937124515726686536e-01 2.468595551927983134e-01 5.397956190452823932e-01 5.672513415268183312e-01 2.843166919649799396e-01 1.352564293997154422e-02 7.654849759018947930e-01 2.015162479172392940e-01 1.826503079071150615e-01 9.968024697130526413e-01 7.258541725774465547e-01 7.081020711836102377e-01 9.505068290306011303e-01 7.143476110666985290e-01
9.143866810787055766e-01 9.589945598943852012e-01 4.645041329586694495e-02 9.934611564109833148e-01 6.945863198770365621e-01 1.476551472952798011e-03 4.283387616616729510e-01 2.189577072984493777e-01 6.229948370711684280e-01 5.048552693492369681e-02 3.589906749919128393e-01 6.050520031261923393e-01 7.477083202751785285e-01 8.488181762759399174e-01 5.307413651290948664e-01 4.114402361924932583e-01
9.184951367079292606e-01 7.082390208162597789e-01 1.583278038497986373e-01 3.926947516479409872e-01 9.264853709643108282e-01 3.023293785914775156e-01 9.769276999842138043e-01 6.261425784389519356e-01 8.083881090334618102e-01 7.030438737687805251e-01 7.826660225770697421e-01 5.883357951203380676e-01 9.292668365507804618e-01 8.590272914305058238e-01 5.897369157314288346e-01 3.799637829140448675e-01
9.240077486816743457e-01 9.333795199579318913e-01 9.121779253200070769e-01 6.591867369477274474e-01 3.974512905693921017e-01 3.553161716878304455e-02 8.290634690652139982e-01 8.113002647001528178e-01 4.673992703348676114e-01 8.590996198007689877e-01 8.345956162998896533e-01 4.506892107336838427e-01 9.682786661862559097e-01 9.754920641261304315e-01 8.420553315543171102e-01 9.501173981194466212e-01
8.442811668977543427e-01 9.105583353413546632e-01 1.748055853037414342e-01 7.622589954609052532e-01 7.584031780496650610e-01 9.386899166961882868e-01 5.880589319584472729e-01 5.119983191388610688e-01 2.497898590608446101e-01 8.932341532282543906e-01 5.876596756573769786e-01 4.025276453180501313e-01 6.839740446725036671e-01 8.067672703740105256e-01 6.365391362549983612e-01 9.197507515135790179e-02
8.967808777216965677e-01 7.447484416627166981e-01 7.986964088821161267e-01 8.314424607902690667e-01 9.315793697702011711e-01 9.650119976720138437e-01 5.069959690263725616e-01 5.941458264257194477e-01 2.441732249551253064e-01 1.825343523002171675e-01 5.300586335328107968e-01 8.391606880064994556e-02 5.854766458381470695e-01 8.217686683063518682e-01 3.593386523177103387e-01 6.119602107869291929e-01
8.906804697255469305e-01 9.869657340300954651e-01 3.000670738909996249e-01 6.017971579994488285e-02 9.476475849423083853e-01 1.214267778019170463e-01 5.763830127367030043e-01 6.650603680598168310e-01 6.996399250578823059e-01 1.721028858841800735e-01 4.886310673174556474e-01 7.728256413752455645e-01 9.462322440415324998e-01 8.307158328611676801e-01 3.413000812474660250e-01 1.577973323982614362e-01
7.730842051693675998e-01 8.886400871285580205e-01 8.376893784646651797e-01 4.631500839395178981e-01 6.247155139860092188e-01 9.051714303490612235e-01 5.347975941277830492e-01 1.028859857409634010e-01 9.495626418456157847e-01 9.452194601778618477e-01 3.095675575810611924e-01 4.980055904598240102e-01 7.014154239229718479e-01 7.881845873867123764e-01 7.235444495060859849e-01 3.475251965880479799e-01
8.035255714535021188e-01 8.541639282564144064e-01 3.826170514694846037e-01 9.245409051910132847e-01 7.327371594983518310e-01 5.248328631233303287e-01 6.070068337236245171e-01 8.699663127661131368e-01 2.699876024916955664e-01 2.978518434175359553e-01 5.006858778524531789e-02 9.670162406428588486e-01 9.860299927546656296e-01 7.402919948832021868e-01 9.847890168193778049e-01 3.326308240664741650e-02
9.603455910207985280e-01 1.189547184341391561e-01 8.183005207226785593e-01 7.500609756075200529e-01 7.156637583290936799e-01 1.660852510465807286e-01 8.619947810329038340e-01 1.405830007512375857e-01 4.032701894579973079e-01 5.875048371490525501e-01 4.173829203486740802e-01 6.917567928700352198e-01 8.336739692200528795e-01 9.992333948916072295e-01 3.766905828158531033e-01 9.106095270684751997e-01
8.505306011980846570e-01 5.299778332004656534e-01 2.058633679057750021e-01 3.300970561186618024e-01 4.600928831003689989e-01 3.871697543865842972e-01 3.013216555245877837e-01 5.553799412218620724e-01 6.099399926695440177e-01 4.889655639215800820e-01 2.671197848599109470e-01 6.362959672013286661e-02 9.953409232167165221e-01 8.359509480013200822e-01 6.564359919232427565e-01 2.506590652654176465e-01
8.689017008456910718e-01 3.462620717647067053e-02 9.327612996103733511e-01 7.360266494577096807e-01 4.132867853405751690e-01 6.452078003356221947e-01 1.182615772054441267e-01 3.333902164177615646e-01 6.705106237241179601e-01 6.460269559902906966e-01 9.913117544705543072e-01 5.609594059199809468e-01 6.148481933495094642e-01 9.763908929033940920e-01 5.772677144748598055e-01 2.159877727199665046e-02
8.372276265680327345e-01 8.805580179460296142e-01 5.345779822364817857e-01 1.347493210121606944e-01 8.603895733803704760e-01 8.682098585618597264e-01 6.648064962317300486e-01 7.331657998173799484e-01 6.623621813934368330e-01 9.804068870447603112e-01 8.653175643443724585e-01 8.674679264807740875e-01 8.151723533863614035e-01 7.220135451255774717e-01 3.640799757133635906e-01 2.374291209401443448e-01
9.634008356373432447e-01 7.314993405145704397e-01 2.729932127400729880e-01 1.254215383863970315e-02 3.280795050619964570e-01 5.162657109855339765e-01 7.638510629826825160e-02 5.400040357872876173e-02 5.922079917453182407e-01 5.319373682595295305e-01 7.098298398200726667e-02 2.545371101619811061e-01 6.300491386701921881e-01 7.192215559829879812e-01 3.966150619733315730e-01 9.384563265344384453e-01
8.115481278508291929e-01 3.518732629832612147e-01 8.805530174933686727e-01 2.190367927918732971e-01 4.910651908319720316e-01 1.433557702270477074e-01 9.245655512471715465e-01 7.554791807290490713e-01 9.848517649590126100e-01 5.168635235843104248e-01 8.572080319522733527e-01 8.271758152989122648e-01 7.628615927488167081e-01 8.727901485326901021e-01 8.979979872995389467e-01 7.830019164730509518e-01
9.442769166777713608e-01 8.312411867938341858e-01 7.336112484358847663e-01 2.935778412791740788e-01 4.324202635742477874e-01 1.891688691299373282e-01 4.811570281508746327e-01 8.283268694971078761e-01 9.126679165736459876e-01 2.660019614735167348e-01 1.461095108789331465e-02 8.852510089206859778e-01 8.515261110904325248e-01 9.624005968422060242e-01 7.416195335092140573e-01 5.353661432234613216e-01
8.328743299811185441e-01 5.599251489212303534e-01 5.746676319329783178e-01 8.788017787576236639e-01 8.487358561997652151e-01 8.849827944593243734e-01 7.827117046118478028e-01 2.558453364730997048e-01 6.810123268021089915e-01 2.379064572889389717e-01 4.433624461084811202e-02 5.204091767216392217e-01 7.949748401813236942e-01 7.103036025011187915e-01 6.761379085271307376e-01 4.479440024784649421e-01
9.918288718115294555e-01 5.889970846873624488e-01 5.156913062714637563e-01 6.248649622126708492e-01 8.152684615343512853e-01 3.418340462815819825e-01 1.782696593431540577e-01 7.969270902913053733e-01 7.425373428963183420e-01 1.450727121310199097e-01 6.440210394819956274e-01 3.587307943215803374e-01 8.801292788635398656e-01 7.968372032920734149e-01 7.890247242100441039e-01 8.501050535383189999e-01
8.769327391919213843e-01 4.555723590590760042e-01 4.505319561986901866e-01 5.931822759029374836e-01 6.005937967944439126e-01 6.957097882690312929e-01 3.613404786780041178e-01 5.622388835750732339e-01 6.356907989158492311e-01 4.092273976721095829e-01 5.544096591739461344e-01 2.803441795582088947e-01 9.092274028737989955e-01 9.507110877830422524e-01 5.474875271036652169e-01 7.639845361692941816e-01
8.546028893700955420e-01 2.815608318243552621e-01 2.463176504242691189e-01 2.594724145276546337e-02 8.325082962259536812e-01 9.832679902219653156e-01 7.585973450538908702e-01 6.463589517891332736e-01 3.209510472911112355e-01 7.293934415255601822e-01 2.948598300657908067e-01 4.303039340590144590e-01 6.627939631061220416e-01 9.256935760807351032e-01 4.938939323546006621e-01 7.196368493939692135e-02
7.610985381455573906e-01 2.286151277459564923e-01 4.267703773384409205e-01 5.499586386818003936e-01 3.081010230132941174e-01 7.173314876962442188e-01 6.531576748781867670e-01 9.858479668671729090e-01 4.243201409322527318e-01 6.086546619410012626e-01 3.933851877788329121e-01 9.420827166320295820e-01 9.632617622050856365e-01 9.541184135084843643e-01 9.338624266489443659e-01 2.711751731635635432e-01
9.798513773484209821e-01 2.958657943167172233e-01 3.233786154270928415e-01 8.056820156401642841e-01 8.771142520158790035e-01 3.792974591865084788e-01 4.016031371503120395e-01 4.207168887732104512e-01 5.771537669153750105e-01 4.650658128067930996e-01 7.016978390628465512e-01 4.862803323390019750e-01 7.191490971278169386e-01 8.549940084037381816e-01 6.510439729096897388e-01 2.156011139683505218e-01
8.490229122455269506e-01 2.085447889087960749e-01 3.327443040100321880e-01 9.600275282277677125e-01 9.049943954817070146e-01 7.450318785611075301e-01 1.377436053324124776e-01 4.402842726546524199e-01 8.627505634426529957e-01 8.143841897720879297e-01 2.275993948570740610e-01 6.531103817608301387e-01 9.360997786685343325e-01 7.484971569370399980e-01 4.088602365616431644e-01 5.227277760589973399e-01
7.625954925908948745e-01 1.620826049268319358e-01 5.538068327559064752e-01 1.688534892225460327e-01 4.030233702616169422e-01 6.052717301403121031e-01 9.408641026359454429e-01 6.865114468537700798e-01 5.589546856074710801e-01 8.266244365816426409e-01 1.035351626884674220e-01 5.307789807678767735e-01 8.898021623008648406e-01 9.188022611487860480e-01 7.566233139667686292e-01 6.340818548711919522e-01
