9.869045825784332759e-01 1.413931703805770546e-01 8.955818664219548086e-01 1.335590675400608884e-01 7.639965975125293518e-01 6.164025156583500392e-02 4.462263765227783563e-01 4.113738756821465059e-01 3.524527198086584434e-01 2.797235131979512457e-01 7.866384679852983508e-01 5.659359816633803275e-01 6.960456267184695900e-01 9.730275344362808720e-01 6.491136047929084718e-01 5.940047739738875121e-01
8.213416975207046278e-01 9.550513960852715645e-01 6.003127597926170012e-01 3.428312034384561335e-01 8.739986579611750406e-01 2.707526835899013440e-01 2.320342940898564021e-01 8.246727497987704769e-01 7.250491498357907183e-01 3.702710930337719808e-01 2.675412292770828482e-01 6.953033750655985834e-01 8.202232111239484702e-01 9.770920466258870007e-01 7.825040578628428278e-01 3.708342455518051084e-01
8.523113370733111926e-01 8.003441192186691033e-01 1.516758180140246048e-01 6.026115767181288579e-02 7.430347126747651743e-01 7.050311254114888238e-01 8.545135314119742809e-01 5.794577755635886840e-01 3.249161793335931803e-01 4.912187114754572037e-01 7.803368177557363783e-01 4.253463252188086630e-01 6.000448466034642436e-01 9.132473894920372093e-01 6.538588666157767459e-01 9.292552585725611936e-01
9.441989159528944020e-01 8.958963458568871552e-01 9.394087052894080081e-01 7.628388397462948500e-02 8.120315657863954595e-01 1.924005123240989379e-01 3.803320493304945815e-01 1.434613654618510925e-01 6.036453642909646033e-01 7.338793755856939383e-01 3.604360489428919956e-01 2.242681961980516336e-01 7.958773597582694537e-01 9.929267762362297134e-01 8.002074907738482290e-01 4.411340322150298920e-01
9.585758226006648730e-01 6.118916107567054508e-02 4.650185258218508255e-01 4.838575988531573779e-01 9.388737035862417812e-01 9.215433641398425024e-01 6.492644526688718942e-01 9.394753570634089002e-01 6.508285906481795502e-01 4.412508201035125754e-01 5.826322130652664688e-01 6.584835408105990662e-02 7.722829716626647967e-01 8.734001098903853011e-01 4.619764292946334505e-01 8.034628464477958087e-02
9.325808858868946949e-01 4.133975674051502125e-01 2.876915422924838373e-01 4.305468241846318600e-01 3.335250541528239632e-01 4.977948037640509416e-01 2.129642605574763314e-01 5.481370816174756522e-01 2.897145542155448172e-01 1.805904304543553274e-01 4.782760109594783038e-02 3.296438203212757045e-01 9.190722702625075957e-01 9.040807702711413096e-01 9.914787764987937901e-01 4.648392133246982416e-01
7.732580711898088266e-01 9.095969663551149997e-01 5.724516357903350894e-01 8.481371711236086464e-01 6.418115814016929210e-01 6.439248507557800982e-01 1.621321121306925073e-01 5.919794430051018574e-01 6.911799874471264982e-01 8.069564736741882127e-01 1.942248933736122063e-01 5.199110021254964575e-01 8.784155519016521030e-01 7.869608674747456956e-01 4.674932139997444724e-01 6.870710612409307305e-02
8.831347376767247903e-01 3.411979495891747094e-01 8.056209765678502555e-01 5.766557663737816863e-01 7.273988881131083772e-01 7.595225201345539023e-01 6.314276266423314299e-01 1.315195468275930091e-01 4.642943327868431780e-01 1.528704142887835071e-01 6.938069892079485879e-01 7.531955639646685796e-01 8.891747871675554915e-01 9.188680760987604224e-01 9.327953660824297444e-01 3.323039795749267444e-01
8.562981363689987635e-01 1.174491636437650921e-01 4.025538157538830486e-01 3.234515476901744235e-01 6.308640209785991715e-01 5.161225370655322386e-01 1.011116880905494203e-01 7.519554642580638104e-01 6.799199405498754789e-01 9.726390880478459622e-02 5.465204458749598621e-02 3.025462504454976553e-01 7.320917118215851671e-01 7.298953382938753176e-01 4.895971575183682978e-01 3.578565187686832960e-01
8.097353311859667446e-01 8.978594236163696396e-02 5.619605589278029445e-01 9.554696979650623145e-01 9.550024719989603783e-01 1.102854717592802458e-01 8.289087636394225356e-02 5.238779969344978804e-01 3.602379653172306240e-01 9.366309679406462640e-01 2.495708731806969144e-02 2.608523793509083880e-02 8.748467628092340131e-01 9.333262524005944138e-01 6.140358380433627028e-01 2.993113402515349963e-01
8.749451023617346168e-01 4.780437000907761247e-01 1.371066660574270235e-01 6.585575736310536055e-01 5.225603059611824142e-01 4.562247683728893888e-01 1.322619996209448145e-01 9.178475496940598222e-02 7.088562860785363462e-01 8.008242359061218396e-02 4.336149338961985955e-01 7.882944101192959074e-01 6.241048453589824740e-01 7.115984718214771743e-01 5.292219575761208938e-01 1.749083477604431724e-01
8.624545403415161404e-01 2.558991052288320800e-01 7.013373223882441998e-01 9.199190016591318741e-01 4.134730340216740685e-01 1.594550715014365072e-01 7.326935530647400441e-01 7.370386862143640805e-02 2.035540824214067679e-01 1.315839084993666586e-01 5.306761367228890469e-01 6.525552957424080036e-01 9.778955206557882196e-01 8.499647107707163363e-01 7.717324536046796801e-01 1.315786133291638703e-02
9.029350257332209306e-01 8.655802949062493257e-01 7.498861182904625888e-01 2.531022253218888074e-01 5.446635518370109841e-01 3.677751996678035873e-01 7.038319163824178527e-03 5.133899459622597305e-01 2.338097558026183687e-01 6.230821124697971669e-01 5.145696648212766400e-01 8.145957298026497151e-01 7.467857927683685393e-01 7.992192579469513669e-01 8.380985225859036714e-01 9.149342923344461198e-01
9.534486164061546365e-01 5.942775616132661698e-01 7.808983389945114428e-01 8.920908618970742054e-01 4.604213057249353369e-01 9.775074720016583285e-01 7.395649920762235874e-02 3.709900660587380217e-01 2.216251065982595136e-01 3.368533737319380217e-01 8.735254257254048138e-01 1.445692740539863130e-01 9.343903009702017037e-01 8.934710022417777786e-01 9.848132934444604469e-01 3.988060313043184646e-01
8.712783453189927307e-01 4.333586327276301442e-01 2.585410078373119869e-01 4.567859301419320839e-01 6.563888343272936687e-01 6.869251030239932332e-01 3.022730301126985153e-01 2.760922663367094687e-01 5.443264129595768441e-01 7.078623741112655132e-01 6.619189300251343555e-01 3.874845177572385779e-01 6.955505628080389524e-01 8.598612804638664509e-01 6.394341017257035853e-01 1.594173474628106379e-01
9.664204474406313805e-01 4.025850776422491839e-02 3.423042059119225100e-01 2.864887698150274109e-01 8.415916226102984066e-01 3.305611763507594336e-01 6.632540190775192412e-01 9.643474450290729916e-01 3.851936676226604961e-01 2.078908196374220085e-01 1.647716158099879757e-01 9.480572625147786203e-01 7.580872924568475835e-01 8.185927739349194709e-01 6.718495119109549885e-01 5.483537285946050721e-01
9.160684355187935779e-01 1.656422550237969527e-01 4.996957903262813638e-01 4.085805300271518753e-02 5.652304824395468774e-01 5.585822009832313029e-01 8.040310931556501339e-01 9.040951207927760969e-01 9.215204632329725420e-01 8.902950426470712664e-01 9.799583608299764492e-01 3.939530273250184678e-01 8.585984230723350263e-01 7.960092966086510513e-01 8.501425784402014685e-01 5.240811848512347826e-01
7.983802129117174573e-01 7.809226234892132634e-01 6.379550076099964606e-01 3.940919014201800796e-01 3.216506060176091975e-01 1.603373196009261481e-01 4.142463899702610863e-01 6.664271215196667653e-01 7.854323876210158595e-01 6.632791297255177243e-01 4.502560079364570367e-01 4.864471201350746288e-01 7.073436030879162173e-01 7.417761246585460322e-01 4.383463686818273031e-01 1.007890152181398491e-01
8.903619996905735023e-01 7.089655245941269834e-01 4.204832798999961763e-01 6.745684262433214728e-01 6.215331359495094299e-01 7.670379178672953602e-01 3.314537956791913653e-01 3.525254847487159782e-01 5.187836853132904436e-01 1.127973748837412943e-01 9.388768357719177171e-01 8.522236972884489337e-01 6.751158754801405149e-01 7.614260013569180696e-01 7.215942319524681903e-01 4.993983591790632781e-01
7.616127437241740905e-01 3.026649058164720962e-01 8.658178609529447733e-01 7.612656799806730712e-01 3.993699125419176155e-01 6.260036511988232855e-01 3.648050548875428900e-01 8.527849739832905618e-01 9.084663531244852042e-01 7.533728091529733328e-01 7.355959895988573027e-01 5.721600235463495387e-01 9.657943662532769702e-01 8.904798826058785144e-01 3.897180008642423532e-01 2.061320607721910947e-01
9.226250455958052710e-01 2.183588114840798733e-01 5.059349451333902126e-01 1.156061589618724988e-01 5.986164233774124988e-01 8.514673413619496811e-01 6.825337378126833388e-01 6.123081119563440478e-01 9.478516859780807824e-01 4.772004597071486387e-01 6.634001119455106288e-01 7.207977077939885513e-01 9.125254540268609160e-01 9.578666089480671886e-01 4.119026530094924698e-01 8.861892457492643871e-01
8.937984270121501762e-01 6.559408142312954659e-01 8.316385783844106871e-01 8.195581608721135281e-01 8.817636295987993922e-01 5.851303779740110733e-02 8.269041661719517267e-01 7.777115107090878388e-01 4.443269976736294868e-01 6.046660380455439743e-01 4.227620723739598518e-01 2.723813074390354361e-01 6.821799830286239263e-01 8.539979118067729802e-01 8.588048331875974828e-01 2.520186034355862970e-01
8.048324073828985181e-01 1.713431535532605743e-01 3.582070492859015104e-02 8.779156151260691932e-01 7.854362679752305842e-01 3.556619123527202109e-01 5.866033541716660082e-02 2.344710045965150980e-02 8.549564967578733299e-01 7.746782886114335076e-01 3.793284299292940531e-01 9.889847291080076930e-02 9.238589918778626897e-01 8.094967429086284971e-01 4.192432390382815344e-01 8.459902285067184557e-01
9.653070502571712286e-01 6.061806070365642896e-01 6.714220292390077338e-01 1.937068776432356587e-01 6.877504788883745945e-01 2.474272842364675928e-01 5.268392242377051282e-01 9.547396853933214356e-01 7.954269742050983361e-01 2.308308850338821605e-01 1.255115986003568496e-01 7.666529282819074531e-01 9.456520564028998432e-01 8.661075458997451459e-01 3.431644198520171218e-01 8.673913969961898340e-01
9.040155008238954792e-01 8.861926996357874509e-02 7.228723366696336861e-01 9.616180369247937509e-01 3.748729272072691132e-01 2.965519141591307362e-01 4.271476007781240258e-01 3.935224289110188511e-01 8.165325196038064615e-01 2.840570578601582172e-02 8.604888806262916967e-01 6.244300313668084135e-01 5.990762723789896382e-01 9.091241237856799717e-01 7.546417702139472938e-01 2.785902123956702225e-01
7.690832923049341074e-01 8.407943890471113457e-01 6.524055373729503726e-01 8.311161308569712247e-01 8.270716669486263273e-01 9.158582678244790998e-01 9.490848201687825947e-01 3.019317917388081307e-01 8.757753285089171502e-01 5.645621325277261349e-01 2.157596714704776431e-01 4.696384085205429493e-01 7.302847867903209389e-01 8.225533177464637857e-01 9.468525032402559383e-01 3.172188777291550243e-01
9.112014732988489296e-01 6.390689523181435350e-01 2.256212477878128952e-01 2.614998680457231162e-01 5.913810114762068082e-01 5.362944536384753880e-01 9.864811334028767975e-01 8.154372011442979629e-01 8.700037815599220847e-01 8.382034895523139406e-01 5.493076593218765291e-01 1.810210798338516003e-01 9.912988371033419899e-01 8.793571560374638940e-01 3.766327648159417119e-01 7.758669812280548639e-01
8.386122583618241810e-01 1.993800655657445020e-01 9.150699145687449798e-01 7.576513309219491399e-01 6.655605404000541903e-01 8.058423283609974508e-01 1.822222323519379350e-01 7.139236386505199983e-01 2.742770759394633218e-01 5.263900443403697615e-02 1.403918976806550201e-01 9.987716539844314623e-01 7.856542102014627549e-01 8.434428921906012011e-01 5.834742000753240232e-01 1.365898368709102806e-01
8.474648420718213782e-01 4.605049225000470425e-01 8.095651292896974272e-02 1.525245822437378274e-01 4.746695830189783250e-01 2.248205203028263155e-01 9.158538963751551298e-01 1.121219704141874357e-01 4.393952433995629292e-01 5.350267012150464740e-01 1.036924318644465437e-01 8.280666181239632051e-01 5.867064530680361489e-01 8.284363790214750445e-01 8.919715281736277923e-01 7.550020878548902026e-01
9.773181105086556908e-01 9.853336250361478532e-01 5.729382119210921220e-02 9.845601294316532748e-01 5.681308487955084585e-01 9.853435927004154937e-01 8.946842041807003820e-01 6.823464443945067570e-01 5.957658433277263077e-01 6.443448912823683816e-01 4.657274267191019446e-01 9.030507162017180622e-01 6.375016152162782390e-01 9.415389687739541547e-01 8.239099037597780173e-01 9.453698308639333359e-01
8.202851827581084665e-01 8.109024130406585762e-01 6.233079591895083205e-01 1.628794726422401820e-02 7.135465881748543904e-01 5.972250988310447983e-01 7.443039811940735939e-01 3.254541142812437671e-01 7.313192382648990852e-01 3.068963320447958831e-01 6.044365172588307411e-01 2.504696811962123792e-01 8.095213716907718737e-01 7.369198686513931396e-01 7.364444740800919487e-01 6.310622662272074024e-01
9.193988134075319341e-01 4.881612354917798657e-01 4.849748013723345075e-01 5.835511615012002329e-01 4.277408941453194613e-01 7.339700675822574683e-01 6.129221926751194927e-01 4.258448232973044423e-01 3.923751745970601723e-01 9.895908297196993608e-01 2.628230466804095666e-01 1.204612088765048966e-01 8.621520805693886347e-01 9.673381976695547557e-01 5.403447701157879646e-01 2.333925942260749731e-01
7.814201859653503446e-01 6.713789477327511968e-01 2.029209118425673031e-01 2.391134106129984560e-01 8.490639002310267358e-01 2.175256312575512760e-02 3.524804441967819280e-01 7.231458425494335929e-01 9.849570327758374599e-01 2.472798319146647938e-01 7.551607224455280098e-01 6.304834681365582005e-01 9.505876459776525511e-01 9.374189227838469751e-01 6.873222406611096957e-01 8.293162930189171833e-01
9.483989551827641806e-01 7.323997327469631280e-01 8.016462547779712455e-01 2.067759594762040021e-01 9.877383381768491954e-01 8.350451221108555755e-01 7.043038696406745958e-01 6.216366195914444504e-01 6.260772048274080293e-01 5.492629199013786545e-01 8.035033676586914586e-01 4.474419493975905215e-01 6.157319247848510591e-01 7.535802763153096606e-01 9.420233299776838987e-01 5.794368187132737935e-01
9.810761497092834738e-01 2.527663331344449926e-02 8.472336094238701598e-01 7.966375073483307201e-01 5.270426424146119615e-01 2.165449876208284108e-01 5.477995453798414349e-01 7.905872767877695217e-01 5.298268587906754812e-01 1.775775024338391850e-01 3.391997174671959048e-01 3.670871300443264706e-01 6.670562996042102011e-01 7.227264959401948907e-01 9.104183483894940920e-01 4.662584005397588105e-01
9.906775183122582540e-01 3.187266147728746724e-01 4.274429570390197997e-01 9.807617887654289379e-02 7.039529592175189920e-01 8.837996416722587734e-01 2.870558125675123917e-01 2.447050559050839014e-01 3.036636102736343101e-01 9.593377641900455721e-01 4.969184018067968056e-01 7.349906191181578841e-01 5.755742135803216808e-01 7.788355872539606262e-01 6.066061620652914987e-01 6.992460511888587416e-01
8.343753755304803565e-01 2.394371459770352484e-01 9.542160549823529569e-01 7.286133666650829177e-01 3.017342886814782799e-01 9.440195352001847784e-01 9.720516660754332516e-01 2.853915198561284838e-01 9.794802792860950458e-01 3.602153096327850856e-01 3.189503277431122163e-01 8.934339899303538335e-01 5.717029643445710185e-01 7.182960038036930728e-01 3.494477322973378319e-01 1.118357566997355418e-01
9.954685684363734355e-01 9.776131691460960838e-01 9.640998508555479463e-01 9.330851800544538444e-01 3.582342253080768590e-01 3.136753926115511404e-01 5.184749746457496533e-01 8.609704861093316897e-01 3.410106775630056264e-01 3.871095661058581161e-01 1.775687330213226167e-01 5.323235245038847596e-01 8.982571246823942701e-01 7.677474640596426703e-01 5.710173974749277459e-01 7.078881113418054039e-01
8.843777312027396587e-01 5.540984230249674791e-01 7.187595789343014241e-01 3.665819947627815267e-01 7.576060733542091530e-01 8.606642861466978767e-01 5.702576782351612694e-01 9.974569266615301855e-01 6.463452870588511923e-01 2.873092570994525419e-01 5.924835632558079768e-01 5.952625591909637137e-01 6.300476828429182330e-01 7.480400969559654056e-01 8.683826724369114736e-01 7.397089453445242491e-01
8.442203387538671500e-01 8.583987307066556216e-01 1.420658604334230565e-02 6.944005963590332842e-01 9.254028442404301780e-01 3.807150251532299690e-01 2.689073814246505378e-01 6.510042462878409264e-01 2.565069502849919858e-01 4.081001226188426534e-01 2.972492060831265492e-01 2.145280603557163379e-01 8.375104588272639372e-01 8.098627182670723457e-01 7.065534088112401800e-01 6.685010083844725726e-01
8.130767943909869011e-01 5.271557811822794593e-01 1.180819683834176681e-01 6.137567055143188233e-01 9.093548565509299575e-01 1.297274647394407350e-02 5.860844760675180121e-01 1.802364294087418217e-01 9.038084621659572271e-01 9.672613899613814459e-01 8.947833669741002138e-01 9.300885812325886404e-01 7.784116006384963482e-01 8.383334976722637277e-01 9.674030229196242114e-01 6.129889426548713605e-01
8.671178243088812909e-01 3.988128424724691756e-01 1.831079059205668880e-01 4.125010039296660991e-01 7.920716769015440084e-01 4.114105354170007889e-01 4.983926153920522073e-01 4.579396103881671065e-01 5.006999253570683095e-01 5.849049926996434667e-01 9.085527292445175762e-01 8.587846825435985210e-02 8.301529083660952324e-01 8.862539929353892010e-01 5.495102164827276869e-01 5.377291518498046319e-01
9.403604054864627138e-01 9.373616484980583641e-01 2.684769048885474185e-01 1.755152011366306330e-01 5.045933436572694886e-01 6.692099710785137656e-01 8.662314488622092634e-01 4.950477419291601788e-01 4.789814210583375198e-01 4.243108511566917596e-01 9.963529087971341180e-01 2.877145160991434469e-01 7.157363510312083621e-01 9.232290116259312951e-01 5.892655309752942161e-01 9.820444951687675728e-01
9.311933061182791072e-01 3.479624971404255418e-01 9.130291146248729894e-02 6.354511011141552590e-01 3.915300580012129883e-01 1.287045566102932026e-01 2.442968630387472584e-01 1.738478305118107969e-01 7.745905934252844682e-01 6.993609143250185678e-01 3.954459202407681895e-01 6.823473855909025776e-01 8.463045766727457231e-01 9.476961528539141755e-01 7.960009444480178331e-01 4.129323065918850677e-01
7.920972111589079656e-01 7.470066661675145436e-01 9.826378121497975071e-01 3.188991930612457559e-01 9.678848705311263734e-01 5.669136749495872207e-01 4.710103065001982614e-01 4.770311002419935081e-03 9.588255795156397365e-01 5.107492527531247717e-01 9.555905860867283108e-01 5.099418684365771837e-01 8.061076441498027378e-01 7.726951701258855110e-01 7.092835604797999016e-01 4.225835046913875570e-02
8.286337676975114030e-01 6.918206772459734033e-01 3.781858554259217575e-01 5.357206853934939339e-01 4.526958490214594844e-01 6.154176305516598777e-01 7.715645146697455159e-01 4.697023933125196726e-01 5.765200038818854011e-01 7.876958648643678229e-01 2.344577849125443481e-01 5.314788424099459174e-02 6.481156157405393303e-01 9.591944482132995775e-01 4.479092711705103813e-01 7.863812902986211384e-01
7.829388902788665394e-01 3.843135486425733327e-01 3.514663171561995259e-01 4.731355238382419226e-01 3.537855552375036017e-01 4.209046259502232101e-01 1.412503433325601465e-01 2.307491411114135083e-01 5.591710261812439242e-01 9.035018988352688796e-01 8.263697951430163391e-01 3.424194923275480362e-01 6.528746226876473990e-01 9.860751528812192745e-01 3.668597381826386727e-01 6.580722426820337922e-01
7.901992058782119077e-01 2.794768958683296889e-01 5.342340337320224952e-01 7.197235285898442303e-01 4.912549326964190111e-01 7.901225092546502182e-01 2.817249033145209636e-02 5.345762243994704732e-02 7.564794902871877502e-01 8.709729561473495973e-01 8.349527423983270358e-02 8.662624660466029525e-01 9.626457057273105633e-01 7.854905773744580433e-01 5.150214122087962698e-01 2.107083118875702488e-01
7.640543651821918303e-01 5.758898259136917552e-01 3.243243719789415391e-01 5.130624460179388224e-01 8.962304409358131663e-01 4.684546326785673509e-01 7.998193565132076799e-01 8.882214037086176850e-01 8.398139796321436590e-01 8.993728177740360069e-03 6.288890987156455781e-01 9.697305271848027930e-01 7.544574168427772287e-01 9.992690227492566635e-01 9.016571114412259558e-01 9.774992647038162064e-01
9.726240457350723290e-01 5.191452356269934398e-01 2.360350992747820564e-01 5.492935689828961632e-01 9.772081726648064182e-01 9.842024368594054495e-02 9.314028116537533819e-01 2.086243865536626940e-01 4.093899597794891099e-01 8.566275541964614160e-01 7.090814806068443943e-01 1.659646691505682892e-01 9.931608826469733309e-01 7.028946335585404270e-01 4.945302099191938860e-01 8.115313892428692721e-01
