8.169394633430624442e-01 7.774597423959231923e-01 6.178576588466330177e-01 7.954234169999492288e-01 3.535528233937617060e-01 1.371143980683477981e-01 1.489490377262806808e-01 4.939419932446916794e-01 6.461886899475502988e-01 9.069441398281069544e-01 2.961850760926718618e-01 4.628930465100632857e-02 6.962099140763954308e-01 7.207522206958049127e-01 5.731633540942275840e-01 5.735703909567604342e-01
8.745530728652940455e-01 3.746116571093444092e-01 6.283556955152891366e-01 1.547066640093328060e-01 7.586749527557066219e-01 9.803908274680581680e-01 3.378437926301111061e-01 7.593541344917837943e-01 6.149678131359840316e-01 2.261086360001061946e-01 3.474821170587321095e-01 8.864845855243643769e-01 6.147612878503493361e-01 7.860848839151818312e-01 5.497327806811369566e-01 5.468238427629436293e-02
8.999710422053727177e-01 4.848087711645227005e-01 5.523848299538259843e-01 1.049626936196350752e-01 7.368112904582160283e-01 9.532287285809367683e-01 4.144102549120916301e-02 4.504120839936173043e-02 2.749458721829700081e-01 8.564539081392406050e-01 7.482272102514311296e-01 1.898947512222975975e-01 7.819471259068180302e-01 9.908056042956772114e-01 5.454848667295790765e-01 7.045418610904775614e-01
7.813267599661494200e-01 1.601396281683705597e-02 2.350674487330571827e-01 4.598242523511650304e-01 7.083940723639403636e-01 7.251347666836538419e-02 7.901007381789985073e-01 5.396371948388148931e-01 3.170220286048888170e-01 6.990263047405917973e-01 6.781948591885613720e-01 2.469963569841592543e-01 5.913563503263056242e-01 9.524172665639485391e-01 8.305048419475065113e-01 6.296222282049949159e-01
8.405059667836679571e-01 6.908860160888838919e-01 4.193799745796595313e-01 9.334650223017819659e-01 5.252834953243223914e-01 7.685342445378923193e-01 4.499441769761167165e-01 4.507902769941028454e-01 3.041552760362060681e-01 6.727769638414440312e-01 5.643816139298831747e-01 7.178188390174026212e-01 6.627933582507583576e-01 7.855148533107267905e-01 4.389233765537264853e-01 8.854385556382983191e-01
7.917883912774529298e-01 2.604120495161191262e-01 7.510796832654274835e-02 2.036883622532527638e-01 9.032037150505196621e-01 3.507506516946273106e-02 6.216510580217007309e-01 1.418981824768069389e-01 9.164754588871542040e-01 5.076107731348726837e-01 9.692855323868778683e-01 6.619475797005215656e-02 8.787900930412813061e-01 7.114974677464245278e-01 3.769015806903868171e-01 5.010594497799722991e-01
8.878336484833082576e-01 1.055404160520929668e-01 4.645713052843940261e-02 2.782014416950115421e-02 6.558038652450925987e-01 2.239650769015539000e-01 2.483165556848014321e-01 1.251083450650752049e-01 5.066193324274537169e-01 4.538252082683159050e-01 4.546578963754892011e-01 7.956217764026801698e-01 6.190750896153635052e-01 7.160920995940761591e-01 6.792741750621114072e-01 3.763772976834885986e-01
8.272196965461469098e-01 8.289867258403685879e-01 9.850484196427263806e-01 5.149338547620068568e-02 5.838956309097774744e-01 6.993164575059034327e-01 6.600913563629442482e-01 2.605857590993712058e-01 8.320594673001251440e-01 2.142269575303075990e-01 8.950989128925889160e-01 4.659684890977282556e-01 9.176196137768092287e-01 7.620006130900470742e-01 3.613741313811927314e-01 8.347624427736025088e-02
8.727989613361003540e-01 3.534192729995626614e-01 1.446186628702720578e-01 8.998436449614460875e-01 4.606567443735606338e-01 4.807197479422909391e-03 9.512651959592112183e-01 9.085566381332077501e-02 3.333357570971245964e-01 1.458977272621088395e-01 5.923149145875827859e-01 6.477424921811917313e-01 7.971592294042002536e-01 8.605416005025892101e-01 7.562924627727141136e-01 9.972532013116912342e-02
8.058032622048295623e-01 6.181309034810679170e-01 5.911258964536185712e-01 3.570152232660046554e-01 4.202316320021542428e-01 3.544184067823916151e-01 6.128616813948226660e-01 6.024371493945859246e-01 9.425931898833453948e-01 6.183612175368963237e-01 2.038776215911139167e-01 5.428616704412986271e-01 6.457580443651309565e-01 7.475242932045669253e-01 5.923143189546401510e-01 8.620871653801662760e-01
9.902596870707151000e-01 9.919653747733210292e-01 2.842759782080082620e-01 2.436066662339094191e-01 3.831625710111557503e-01 1.728531859115550462e-01 3.652509301835067945e-01 4.144873896559853055e-01 2.158752051576534048e-01 9.664520219678642832e-01 4.711213250100567684e-01 1.404198395395902799e-01 8.063340725636130024e-01 7.435123625323489804e-01 5.247800758210295902e-01 8.545910249217425481e-01
9.595431034318953056e-01 6.403508750901000246e-01 3.399327711011367326e-01 5.262318503794457536e-01 5.741951246508933959e-01 1.004671535607244703e-01 8.362870420336079302e-01 3.118206198865858259e-01 5.405304576034399844e-01 4.048189085062596226e-01 9.195318886127523683e-01 6.402818452925070902e-01 9.112304601409371152e-01 9.636171441425561701e-01 4.846592432003247186e-01 4.112886859914349769e-01
8.965631724247725698e-01 3.690077574291817514e-02 2.540431686668142008e-01 5.095250666310614518e-01 9.170995854308930939e-01 3.242067149950615956e-01 9.720883060958146471e-01 9.544256433030344766e-01 7.051520147862426757e-01 2.626826781078582251e-01 2.423225826749027534e-01 8.662387096761502425e-01 8.754689023041768436e-01 7.622288358904180106e-01 9.351563622838852119e-01 1.985864176330071063e-01
9.190518571167629602e-01 9.209973228671433088e-01 7.138754687175272728e-01 8.758214065534386528e-01 6.881996421482543536e-01 9.064651593629290405e-01 5.837547805615147523e-01 8.188958661696049690e-01 2.405321371972162781e-01 7.470926396095072253e-01 3.987952791587758838e-01 7.688059329096487149e-01 8.164048660353880882e-01 8.389727835769700270e-01 6.828286911913994395e-01 2.313856283352269394e-01
9.967176862992056519e-01 6.004162723227072229e-01 8.289733646194749062e-01 9.500989106396480199e-01 5.067301355897525506e-01 8.855667471355782583e-02 8.967174282312661004e-01 8.869984272614754861e-01 9.879818130559450129e-01 7.835668380646050313e-01 8.777845497476721714e-01 9.397449947966304284e-01 5.879356156442446801e-01 8.852896824597809022e-01 8.408637131783647245e-01 6.169500783405003075e-01
7.970662326190172120e-01 7.458304382915849073e-01 9.094034751270508865e-01 5.808896770937465037e-01 5.138288073063035366e-01 6.676060495121191041e-01 6.940863054878255722e-01 5.905258351521680549e-01 7.560036964703268358e-01 7.722352722073730913e-01 1.219700572325809335e-01 5.209016699773894032e-01 8.948113894494547083e-01 8.465600318299658644e-01 9.793385075117544414e-01 4.785062321737389435e-01
8.685917633590809483e-01 6.704468014216653504e-01 6.783350593262920114e-01 6.632067673393016172e-01 8.212314139085771236e-01 8.506897308147867154e-01 3.472920461841035311e-01 6.954882054403255243e-01 8.861887518066808855e-01 7.369656282403892478e-01 1.345036834322792807e-01 1.627688890171415381e-01 6.339632372189741849e-01 9.302680074974343238e-01 4.949025781276066294e-01 7.478778435080670750e-01
9.791368038861025802e-01 5.615864268483176103e-01 4.833509418074213304e-01 1.617269995515538683e-01 9.999939022075697848e-01 5.054454565903179208e-01 1.065498460083868643e-01 2.288879443130594285e-02 6.581437428224935493e-01 8.106030279616251999e-01 1.594009578955358497e-01 3.658384993242415617e-01 8.273944747149170054e-01 9.354696677097387170e-01 9.660102361848375008e-01 6.455410891850376087e-01
8.313718727109840056e-01 5.709396422187815734e-01 3.984146132684824870e-01 6.399939189094753234e-01 9.339689640642953039e-01 8.264835162288118875e-01 7.260289277095854921e-01 6.406042252495873779e-01 4.098213651903803711e-01 5.418570766498262969e-01 6.274255224498025418e-01 9.092054492685667233e-01 7.893596119670641675e-01 9.435679350372653262e-01 8.887315458171032301e-01 6.650129834232426651e-01
8.928518434252878944e-01 2.000409507069511872e-01 5.030498576600452854e-01 4.086538589376580433e-01 4.440652818670693947e-01 3.914831127192957005e-01 4.157325931820834430e-01 3.584669085503641162e-01 5.977401004514106830e-01 9.334209836132363325e-01 5.445160960685931917e-01 7.014308887529689951e-01 5.713308435660426898e-01 8.772021681424562178e-01 4.213085647242832965e-01 5.584943874629555438e-01
8.579430685277686930e-01 2.464310240920922213e-01 7.993454671124032851e-01 8.289724258930571965e-01 4.378199379269938074e-01 2.949024507763495784e-01 5.036635999650519446e-01 1.143453973129080481e-01 5.354274256002011789e-01 2.834824310636602784e-01 7.204551952714740581e-01 6.820189774648122150e-01 9.356033914717085676e-01 8.301106623038131405e-01 5.166043581590193945e-01 2.940989121696391817e-01
9.546286757155260094e-01 9.670809448570573119e-01 8.508097442827090573e-01 1.886867788139374724e-01 7.939289056409924994e-01 7.091241448430122274e-01 8.740745566714468451e-01 1.700151842305044070e-01 9.750520244189118113e-01 6.422296110870487906e-01 2.612751348685475317e-01 3.668574637641239256e-02 9.961548516603125902e-01 7.309822403216170716e-01 7.043105393104498457e-01 2.219926988886989638e-01
9.618590647894751378e-01 1.605732414145250864e-01 1.830944704561176251e-01 9.631030529509361227e-01 3.699676918348956400e-01 5.547898277359976094e-01 5.604072282232901436e-01 9.952558985589310403e-01 6.710386770381776556e-01 1.862708752538221324e-01 8.409456071940611954e-01 3.232377100447289542e-01 7.087677877272683391e-01 8.540573550064605168e-01 7.716674377890546666e-01 1.246667339998314972e-01
8.489347793934701736e-01 8.836630108846370568e-01 1.732406366608311293e-02 9.270426374050394491e-02 8.821835695705582125e-01 1.515950150518052542e-01 1.340489310534437872e-01 6.179339505077818123e-02 4.851263371977738714e-01 9.976191136767226242e-01 7.824870009591615716e-01 3.071739200748799248e-01 7.172349902579375769e-01 8.741001878359964117e-01 7.439620210488735452e-01 4.253820168594894119e-02
8.069367412975627651e-01 9.088585336210845966e-01 5.959307926746283679e-02 3.308371318709016351e-01 5.604427492749044504e-01 3.726573128266497670e-01 8.145358269010850583e-01 6.313495289327268889e-01 4.571933158761298799e-01 2.668581790183277916e-02 3.285372419892520351e-02 6.214428192431054043e-01 9.032296003654147754e-01 8.900583611048039634e-01 7.735955192826082794e-01 9.760929852815941610e-01
8.826342642801725535e-01 1.211560437079751973e-01 3.730735470620530903e-01 7.718087396972507230e-01 3.312164359872245001e-01 5.633151252752131022e-01 5.561875932313463666e-01 3.662976018184970761e-01 3.530156563379093226e-01 6.243461402026093676e-01 2.198790408767462012e-01 9.850337352977925343e-02 8.546425841097180509e-01 7.988257826957197993e-01 6.485245716450345199e-01 7.636852142486407757e-01
8.125366029299558868e-01 2.836671918949669191e-01 6.842925049208056221e-01 6.467722529463675318e-01 8.662272655381356712e-01 7.337932480949043157e-01 4.254592246946321543e-01 2.235406792007883503e-01 3.918870983097344496e-01 3.105479730054971355e-01 7.712587981205730747e-01 7.469467452599168888e-01 9.697097470176470058e-01 9.660038178855729907e-01 8.564513939413997967e-01 3.471742917992448607e-01
9.702604004409889349e-01 6.607068263400562858e-01 4.431983428091003097e-01 2.673320083987110185e-01 8.541795610235045633e-01 4.513282945379563649e-01 7.494300408917217160e-01 2.166715373462855809e-01 7.299321144573336362e-01 9.414362395196865241e-02 9.595392564997488050e-01 2.783544838713837288e-01 9.802381014279326621e-01 9.077153126483515910e-01 7.948326383004917783e-01 1.651233907550750946e-01
9.034182473588738826e-01 6.975720515168422342e-02 1.093187735508824865e-01 7.166182956557015649e-01 6.376586698411463860e-01 4.121086027773455118e-01 7.735915929176627737e-01 7.032117454419519742e-01 5.783315658591671182e-01 4.288507535400942206e-01 1.735463755802737484e-01 2.016239491063444300e-01 7.469893442032307096e-01 7.059572573577121979e-01 3.449295490320276047e-01 9.304805331335781471e-01
9.731246767225448790e-01 8.811188348376164381e-01 4.643373700326610676e-01 2.244970639336331675e-01 6.236754137715677659e-01 6.563706168396998830e-01 4.948985412421129659e-01 9.387872124756722059e-01 8.917280996042710184e-01 8.324642096634869981e-01 6.834684416376950455e-01 5.819298560963274136e-01 6.794880433750026816e-01 8.443106606067911635e-01 3.929282219063664483e-01 3.303068390003897070e-01
9.088860740721065312e-01 5.434293186051958324e-01 5.342724362334568822e-01 8.451417890160164426e-01 7.243036416746042594e-01 6.146902634673960808e-01 3.976721714727794454e-01 1.881018318687346369e-01 9.329137982730879575e-01 7.186634592015472833e-01 3.726374535108977204e-01 5.662850962386926090e-01 9.467644610987286935e-01 7.557883346509248756e-01 7.086924241534898750e-01 8.120306877635736775e-01
7.739296147008368765e-01 8.449458371972831117e-01 1.041769067641462460e-01 1.218616254353880324e-01 5.490486902523876722e-01 8.768082154936894801e-01 1.485694287441335221e-02 5.505147202130296069e-01 4.359528459407407963e-01 1.210299938599301711e-01 7.378739993481971959e-01 9.611924117438238602e-01 5.762381348812561921e-01 9.033752488923055823e-01 6.290279582896174393e-01 9.134870703805548775e-01
9.134892211268361706e-01 4.872638822684717819e-01 8.198396185653450408e-01 8.066430777772820582e-01 8.953992463800244384e-01 7.502874488992616886e-01 7.076998383295646233e-01 8.273072774701136778e-01 2.827041797204716267e-01 2.432568911986383586e-01 9.834539366366557012e-01 3.392395003933149633e-01 9.572905138834864047e-01 8.060753439011287824e-01 3.484039545004289917e-01 1.825227865387001602e-01
7.652364696909567110e-01 1.471896059572204984e-01 9.672359775184460329e-01 9.026982479723425490e-01 6.771424564521464351e-01 9.264715632499358478e-01 1.927435376977466031e-01 2.996674817390361234e-01 6.944383923552517324e-01 1.745288280041375553e-02 4.304212643660496607e-01 3.909740479736064089e-01 8.410809147933142604e-01 7.959366356839785439e-01 9.107377240101492966e-01 4.297858682854641121e-01
8.535187810676019282e-01 8.189209020167241837e-01 7.795983779263583324e-01 1.892748480207481418e-02 7.757614420003455802e-01 2.439415174939590092e-01 3.323280890849589914e-02 2.529625113621900567e-01 9.635756330555280691e-01 8.952924233735563009e-01 6.235075318632992553e-02 4.013692396163790477e-01 9.885436599191572693e-01 8.658615625788694814e-01 8.201746348817062771e-01 3.089701251225674405e-01
7.837059390368984468e-01 3.358762547886239291e-01 1.605300398399159278e-01 5.459347605061830588e-01 5.992701829292522708e-01 7.918984040754344367e-01 4.778081040282755598e-01 9.675918752709747883e-01 7.959091056950421406e-01 4.794819097692282761e-01 2.794766269885034515e-01 9.297197098265301551e-02 6.562643113056927380e-01 9.556331738130874331e-01 9.219251341108183340e-01 5.153089772596488594e-01
9.830483457215234422e-01 4.138492548872254595e-01 8.640197572960043315e-01 7.518902758903628358e-01 9.642259607394987331e-01 4.345639705797941371e-02 9.046615587467284891e-01 4.204235311668194641e-01 5.003180760760703727e-01 3.920584149933613038e-01 5.073702792001072437e-01 5.019952828095859410e-01 8.477073180620338100e-01 9.947973449595586271e-01 9.908100637900554286e-01 1.350233145211291175e-01
8.632794851167960859e-01 9.459195092160552765e-01 9.439736829444898003e-01 4.240794935953700051e-01 4.769126769684477463e-01 5.841649793148913083e-01 9.838665787099740712e-01 7.221880464160047586e-01 3.749048495963663852e-01 5.665117710477102220e-01 9.914581287851589875e-02 2.745690703426874602e-01 9.497272664599395453e-01 9.148325808831521133e-01 8.694850711478050442e-01 9.479614767996171754e-01
9.479650190873284421e-01 4.430269249823979849e-01 5.658563121587740774e-01 3.189819022451763630e-01 3.164975256944964066e-01 8.928450631304103435e-01 2.934481388456482986e-01 5.052567436219145280e-01 4.462406332403848763e-01 4.897992205495693141e-01 6.615739429230602653e-01 8.469169212156981708e-01 9.260949573644607913e-01 8.146990344875996160e-01 4.496250734045166286e-01 3.862061304380767224e-01
7.608775769864473126e-01 6.175548878094196809e-02 3.262138878248437290e-01 5.605894427572933880e-01 4.917787163660142791e-01 6.277288294520377843e-01 9.386818894384170442e-02 3.868641642616322263e-01 2.622446820127309897e-01 9.418414352413558843e-01 8.121095400203138803e-01 9.541262280461564327e-01 8.242470724154948858e-01 7.334565272910738010e-01 6.585434954018896114e-01 1.606215292655566521e-02
9.284672859516326371e-01 7.141169806770137907e-01 8.857412018293554512e-01 9.809171853523726003e-01 6.212266430820848617e-01 2.103238392949764446e-01 2.049156056306776219e-01 7.818342884868630938e-01 7.724320837343777724e-01 3.246029089363913767e-01 3.095519455008435283e-01 4.780236050903260980e-01 7.297194585530595301e-01 7.704476025041511189e-01 4.031210962995362967e-01 2.853709110344592181e-01
8.234505163285567031e-01 4.518524885966305193e-01 3.520364248821431508e-01 3.837401856196199224e-01 8.091380445771843011e-01 4.731180169281876124e-01 6.560193700318259769e-01 8.539791732728750917e-01 7.217681141209393303e-01 3.429587706781493384e-01 8.541823406633346494e-01 7.380857094483569414e-01 6.029522326849459102e-01 9.774616915975073983e-01 9.025900109598214982e-01 8.357832471211117387e-01
9.431936651893890744e-01 5.133140344321108772e-01 6.455414864071832293e-01 6.836130714779137252e-01 7.025592582945245912e-01 8.083735979948303285e-01 2.364683850243669561e-01 8.602360597398015507e-01 7.766627040790198278e-01 5.848413050686954717e-01 5.685753559761865805e-01 8.421973018719548509e-01 7.665574099060910029e-01 9.755625486547063741e-01 9.576625144527921574e-01 5.388827371217037587e-01
9.235429038682545499e-01 7.880085960190393868e-01 3.007008311381261234e-01 7.328729610502996428e-01 9.560890133031499927e-01 5.334636302116138040e-01 5.277060645190236876e-01 4.774598252272061472e-01 6.169448363717180417e-01 5.247020009930281059e-01 9.295910492575072404e-01 2.271525547378767107e-01 8.675428891610696969e-01 8.203223910277090969e-01 4.539849461064822123e-01 8.013718700842125120e-01
7.687564097369725680e-01 3.081335254435137450e-01 9.336152261632936211e-01 2.881596818167473373e-01 8.344004440671438649e-01 2.686687808458659843e-01 1.736183903244304105e-01 3.358762299926660866e-01 4.074837701932958467e-01 6.794512685269346597e-02 7.878392060001392083e-02 1.327292707121033866e-01 7.522603705213644076e-01 9.278778729650218882e-01 5.772707836400199355e-01 6.844484831001632630e-01
9.385000066536890451e-01 2.118227302226434461e-01 7.260090004919231843e-01 6.125763770771163186e-01 7.776788509542587047e-01 4.394793141264239922e-01 7.457579070609182681e-02 6.648752829045317947e-01 8.637907483560253175e-01 8.682580822815820776e-01 3.373008013907780045e-01 4.271110248541230003e-01 7.613765375223786602e-01 9.189115248696413385e-01 4.675364744425892782e-01 7.393313404819666923e-01
7.908985722228498716e-01 2.985606284934486099e-01 7.497388445789180400e-01 3.795550338580270799e-01 9.740320827295698702e-01 4.915033024078049873e-01 9.260883189771109691e-01 3.542308123836257309e-04 2.234260561457242222e-01 1.739222891402231463e-01 4.888129855677982860e-01 4.400771446835057832e-01 7.389772250753320337e-01 9.850934435875680073e-01 8.030041038625612693e-01 4.558870032508914316e-01
8.357706720498889741e-01 3.931787497706347168e-01 1.949063431685457148e-01 4.909801867130041408e-01 4.121645785140343188e-01 3.178826022672445184e-01 2.613975021638653695e-01 5.720595074545661296e-01 5.590380548606240785e-01 1.047231755624296184e-01 1.977272796457805668e-02 8.162131486056670715e-01 6.749884920770400365e-01 8.961166259132454792e-01 6.245585004167097942e-01 9.875794344531980684e-01
9.942481138203699276e-01 1.703490266179849832e-01 2.164272166048556434e-01 7.083695817969130892e-02 3.919912518669317336e-01 9.795243381689364703e-01 8.483490284810092374e-01 9.056113115477314457e-01 8.144403002056936902e-01 5.061023951472578414e-02 4.152250694445338564e-01 6.058974917973819485e-01 6.420360599967113169e-01 8.245901370015101817e-01 6.095165440932309719e-01 2.667878864504338865e-01
9.322897531943570293e-01 7.328640720674172160e-01 5.128322449207228795e-01 4.693047706969368793e-01 3.017143407909898545e-01 1.926536924310285614e-01 3.060554408123541403e-01 7.617819563743858380e-01 8.547674223842542940e-01 3.693507663241978323e-01 6.175090408371933792e-01 9.993460217202262408e-01 6.896696952198964059e-01 7.765230233860676012e-01 7.261860837395390789e-01 6.016662560933981885e-01
